   7.9990000e+00
   6.0000000e+00
   4.0000000e+00
   2.0000000e+00
   2.0000000e+00
   1.2000000e+01
   6.0010000e+00
   7.9990000e+00
   6.0000000e+00
   4.0000000e+00
   2.0000000e+00
   2.0000000e+00
   1.2000000e+01
   6.0010000e+00
   7.9990000e+00
   6.0000000e+00
   4.0000000e+00
   2.0000000e+00
   2.0000000e+00
   1.2000000e+01
   6.0010000e+00
   7.9990000e+00
   6.0000000e+00
   4.0000000e+00
   2.0000000e+00
   2.0000000e+00
   1.2000000e+01
   6.0010000e+00
   7.9990000e+00
   6.0000000e+00
   4.0000000e+00
   2.0000000e+00
   2.0000000e+00
   1.2000000e+01
   6.0010000e+00
   7.9990000e+00
   6.0000000e+00
   4.0000000e+00
   2.0000000e+00
   2.0000000e+00
   1.2000000e+01
   6.0010000e+00
   7.9990000e+00
   6.0000000e+00
   4.0000000e+00
   2.0000000e+00
   2.0000000e+00
   1.2000000e+01
   6.0010000e+00
   7.9990000e+00
   6.0000000e+00
   4.0000000e+00
   2.0000000e+00
   2.0000000e+00
   1.2000000e+01
   6.0010000e+00
   7.9990000e+00
   6.0000000e+00
   4.0000000e+00
   2.0000000e+00
   2.0000000e+00
   1.2000000e+01
   6.0010000e+00
   7.9990000e+00
   6.0000000e+00
   4.0000000e+00
   2.0000000e+00
   2.0000000e+00
   1.2000000e+01
   6.0010000e+00
   7.9990000e+00
   6.0000000e+00
   4.0000000e+00
   2.0000000e+00
   2.0000000e+00
   1.2000000e+01
   6.0010000e+00
   7.9990000e+00
   6.0000000e+00
   4.0000000e+00
   2.0000000e+00
   2.0000000e+00
   1.2000000e+01
   6.0010000e+00
   7.9990000e+00
   6.0000000e+00
   4.0000000e+00
   2.0000000e+00
   2.0000000e+00
   1.2000000e+01
   6.0010000e+00
   5.9990000e+00
   1.2000000e+01
   7.0000000e+00
   3.0000000e+00
   2.0000000e+00
   2.0000000e+00
   8.0010000e+00
   5.9990000e+00
   1.2000000e+01
   7.0000000e+00
   3.0000000e+00
   2.0000000e+00
   2.0000000e+00
   8.0010000e+00
   5.9990000e+00
   1.2000000e+01
   7.0000000e+00
   3.0000000e+00
   2.0000000e+00
   2.0000000e+00
   8.0010000e+00
   5.9990000e+00
   1.2000000e+01
   7.0000000e+00
   3.0000000e+00
   2.0000000e+00
   2.0000000e+00
   8.0010000e+00
   5.9990000e+00
   1.2000000e+01
   7.0000000e+00
   3.0000000e+00
   2.0000000e+00
   2.0000000e+00
   8.0010000e+00
   7.9990000e+00
   6.0000000e+00
   4.0000000e+00
   2.0000000e+00
   2.0000000e+00
   1.2000000e+01
   6.0010000e+00
   7.9990000e+00
   6.0000000e+00
   4.0000000e+00
   2.0000000e+00
   2.0000000e+00
   1.2000000e+01
   6.0010000e+00
   7.9990000e+00
   6.0000000e+00
   4.0000000e+00
   2.0000000e+00
   2.0000000e+00
   1.2000000e+01
   6.0010000e+00
   7.9990000e+00
   6.0000000e+00
   4.0000000e+00
   2.0000000e+00
   2.0000000e+00
   1.2000000e+01
   6.0010000e+00
   7.9990000e+00
   6.0000000e+00
   4.0000000e+00
   2.0000000e+00
   2.0000000e+00
   1.2000000e+01
   6.0010000e+00
   7.9990000e+00
   6.0000000e+00
   4.0000000e+00
   2.0000000e+00
   2.0000000e+00
   1.2000000e+01
   6.0010000e+00
   7.9990000e+00
   6.0000000e+00
   4.0000000e+00
   2.0000000e+00
   2.0000000e+00
   1.2000000e+01
   6.0010000e+00
