   1.4999000e+01
   5.0000000e+00
   1.0000000e+00
   1.0000000e+00
   1.0000000e+00
   1.1000000e+01
   6.0010000e+00
   1.4999000e+01
   5.0000000e+00
   1.0000000e+00
   1.0000000e+00
   1.0000000e+00
   1.1000000e+01
   6.0010000e+00
   1.4999000e+01
   5.0000000e+00
   1.0000000e+00
   1.0000000e+00
   1.0000000e+00
   1.1000000e+01
   6.0010000e+00
   1.4999000e+01
   5.0000000e+00
   1.0000000e+00
   1.0000000e+00
   1.0000000e+00
   1.1000000e+01
   6.0010000e+00
   1.4999000e+01
   5.0000000e+00
   1.0000000e+00
   1.0000000e+00
   1.0000000e+00
   1.1000000e+01
   6.0010000e+00
   1.4999000e+01
   5.0000000e+00
   1.0000000e+00
   1.0000000e+00
   1.0000000e+00
   1.1000000e+01
   6.0010000e+00
   1.4999000e+01
   5.0000000e+00
   1.0000000e+00
   1.0000000e+00
   1.0000000e+00
   1.1000000e+01
   6.0010000e+00
   1.4999000e+01
   5.0000000e+00
   1.0000000e+00
   1.0000000e+00
   1.0000000e+00
   1.1000000e+01
   6.0010000e+00
   1.4999000e+01
   5.0000000e+00
   1.0000000e+00
   1.0000000e+00
   1.0000000e+00
   1.1000000e+01
   6.0010000e+00
   1.4999000e+01
   5.0000000e+00
   1.0000000e+00
   1.0000000e+00
   1.0000000e+00
   1.1000000e+01
   6.0010000e+00
   1.4999000e+01
   5.0000000e+00
   1.0000000e+00
   1.0000000e+00
   1.0000000e+00
   1.1000000e+01
   6.0010000e+00
   1.4999000e+01
   5.0000000e+00
   1.0000000e+00
   1.0000000e+00
   1.0000000e+00
   1.1000000e+01
   6.0010000e+00
   1.4999000e+01
   5.0000000e+00
   1.0000000e+00
   1.0000000e+00
   1.0000000e+00
   1.1000000e+01
   6.0010000e+00
   1.4999000e+01
   5.0000000e+00
   1.0000000e+00
   1.0000000e+00
   1.0000000e+00
   1.1000000e+01
   6.0010000e+00
   1.4999000e+01
   5.0000000e+00
   1.0000000e+00
   1.0000000e+00
   1.0000000e+00
   1.1000000e+01
   6.0010000e+00
   1.4999000e+01
   5.0000000e+00
   1.0000000e+00
   1.0000000e+00
   1.0000000e+00
   1.1000000e+01
   6.0010000e+00
   1.4999000e+01
   5.0000000e+00
   1.0000000e+00
   1.0000000e+00
   1.0000000e+00
   1.1000000e+01
   6.0010000e+00
   1.4999000e+01
   5.0000000e+00
   1.0000000e+00
   1.0000000e+00
   1.0000000e+00
   1.1000000e+01
   6.0010000e+00
   1.4999000e+01
   5.0000000e+00
   1.0000000e+00
   1.0000000e+00
   1.0000000e+00
   1.1000000e+01
   6.0010000e+00
   1.4999000e+01
   5.0000000e+00
   1.0000000e+00
   1.0000000e+00
   1.0000000e+00
   1.1000000e+01
   6.0010000e+00
   1.4999000e+01
   5.0000000e+00
   1.0000000e+00
   1.0000000e+00
   1.0000000e+00
   1.1000000e+01
   6.0010000e+00
   1.4999000e+01
   5.0000000e+00
   1.0000000e+00
   1.0000000e+00
   1.0000000e+00
   1.1000000e+01
   6.0010000e+00
   1.4999000e+01
   5.0000000e+00
   1.0000000e+00
   1.0000000e+00
   1.0000000e+00
   1.1000000e+01
   6.0010000e+00
   1.4999000e+01
   5.0000000e+00
   1.0000000e+00
   1.0000000e+00
   1.0000000e+00
   1.1000000e+01
   6.0010000e+00
   1.4999000e+01
   5.0000000e+00
   1.0000000e+00
   1.0000000e+00
   1.0000000e+00
   1.1000000e+01
   6.0010000e+00
   1.4999000e+01
   5.0000000e+00
   1.0000000e+00
   1.0000000e+00
   1.0000000e+00
   1.1000000e+01
   6.0010000e+00
   1.4999000e+01
   5.0000000e+00
   1.0000000e+00
   1.0000000e+00
   1.0000000e+00
   1.1000000e+01
   6.0010000e+00
   1.4999000e+01
   5.0000000e+00
   1.0000000e+00
   1.0000000e+00
   1.0000000e+00
   1.1000000e+01
   6.0010000e+00
   1.4999000e+01
   5.0000000e+00
   1.0000000e+00
   1.0000000e+00
   1.0000000e+00
   1.1000000e+01
   6.0010000e+00
   1.4999000e+01
   5.0000000e+00
   1.0000000e+00
   1.0000000e+00
   1.0000000e+00
   1.1000000e+01
   6.0010000e+00
   1.4999000e+01
   5.0000000e+00
   1.0000000e+00
   1.0000000e+00
   1.0000000e+00
   1.1000000e+01
   6.0010000e+00
   1.4999000e+01
   5.0000000e+00
   1.0000000e+00
   1.0000000e+00
   1.0000000e+00
   1.1000000e+01
   6.0010000e+00
   1.4999000e+01
   5.0000000e+00
   1.0000000e+00
   1.0000000e+00
   1.0000000e+00
   1.1000000e+01
   6.0010000e+00
   1.4999000e+01
   5.0000000e+00
   1.0000000e+00
   1.0000000e+00
   1.0000000e+00
   1.1000000e+01
   6.0010000e+00
