   4.7710000e+00
   1.5880000e+00
   3.6410000e+00
   2.0000000e+00
   4.2700000e+00
   1.2990000e+00
   4.4310000e+00
   2.0000000e+00
   4.1380000e+00
   1.6000000e+00
   4.2620000e+00
   2.0000000e+00
   3.4540000e+00
   1.6070000e+00
   4.9390000e+00
   2.0000000e+00
   3.0790000e+00
   8.8800000e-01
   6.0330000e+00
   2.0000000e+00
   2.6720000e+00
   8.5600000e-01
   6.4720000e+00
   2.0000000e+00
   2.2090000e+00
   1.0330000e+00
   6.7580000e+00
   2.0000000e+00
   1.9390000e+00
   6.5900000e-01
   7.4020000e+00
   2.0000000e+00
   1.7260000e+00
   7.4900000e-01
   7.5250000e+00
   2.0000000e+00
   1.7260000e+00
   6.7200000e-01
   7.6020000e+00
   2.0000000e+00
   1.7260000e+00
   6.8200000e-01
   7.5920000e+00
   2.0000000e+00
   1.7890000e+00
   6.3800000e-01
   7.5730000e+00
   2.0000000e+00
   2.0820000e+00
   7.5200000e-01
   7.1660000e+00
   2.0000000e+00
   2.5010000e+00
   7.3100000e-01
   6.7680000e+00
   2.0000000e+00
   2.8450000e+00
   1.2550000e+00
   5.9000000e+00
   2.0000000e+00
   2.9980000e+00
   1.4390000e+00
   5.5630000e+00
   2.0000000e+00
   2.7490000e+00
   1.0910000e+00
   6.1600000e+00
   2.0000000e+00
   2.3990000e+00
   1.0260000e+00
   6.5750000e+00
   2.0000000e+00
   2.1130000e+00
   7.3000000e-01
   7.1570000e+00
   2.0000000e+00
   1.7890000e+00
   4.8200000e-01
   7.7290000e+00
   2.0000000e+00
   1.7750000e+00
   6.0200000e-01
   7.6230000e+00
   2.0000000e+00
   1.7260000e+00
   6.7100000e-01
   7.6030000e+00
   2.0000000e+00
   1.7750000e+00
   4.9700000e-01
   7.7280000e+00
   2.0000000e+00
   1.8960000e+00
   5.7700000e-01
   7.5270000e+00
   2.0000000e+00
   2.1910000e+00
   6.9000000e-01
   7.1190000e+00
   2.0000000e+00
   2.6080000e+00
   6.4800000e-01
   6.7440000e+00
   2.0000000e+00
   3.2080000e+00
   1.5690000e+00
   5.2230000e+00
   2.0000000e+00
   3.6300000e+00
   1.5690000e+00
   4.8010000e+00
   2.0000000e+00
   3.8880000e+00
   1.6150000e+00
   4.4970000e+00
   2.0000000e+00
   4.0890000e+00
   2.0080000e+00
   3.9030000e+00
   2.0000000e+00
   4.2780000e+00
   1.3760000e+00
   4.3460000e+00
   2.0000000e+00
   4.9410000e+00
   1.0140000e+00
   4.0450000e+00
   2.0000000e+00
   4.0570000e+00
   1.0260000e+00
   4.9170000e+00
   2.0000000e+00
   5.0690000e+00
   1.4750000e+00
   3.4560000e+00
   2.0000000e+00
   4.5600000e+00
   1.4230000e+00
   4.0170000e+00
   2.0000000e+00
   3.6940000e+00
   1.1360000e+00
   5.1700000e+00
   2.0000000e+00
