   9.9900000e-01
   1.0000000e+00
   5.0000000e-01
   5.0000000e-01
   5.0000000e-01
   5.0000000e-01
   2.6001000e+01
   9.9900000e-01
   1.0000000e+00
   5.0000000e-01
   5.0000000e-01
   5.0000000e-01
   5.0000000e-01
   2.6001000e+01
   9.9900000e-01
   1.0000000e+00
   5.0000000e-01
   5.0000000e-01
   5.0000000e-01
   5.0000000e-01
   2.6001000e+01
   9.9900000e-01
   1.0000000e+00
   5.0000000e-01
   5.0000000e-01
   5.0000000e-01
   5.0000000e-01
   2.6001000e+01
   9.9900000e-01
   1.0000000e+00
   5.0000000e-01
   5.0000000e-01
   5.0000000e-01
   5.0000000e-01
   2.6001000e+01
   9.9900000e-01
   1.0000000e+00
   5.0000000e-01
   5.0000000e-01
   5.0000000e-01
   5.0000000e-01
   2.6001000e+01
   9.9900000e-01
   1.0000000e+00
   5.0000000e-01
   5.0000000e-01
   5.0000000e-01
   5.0000000e-01
   2.6001000e+01
   9.9900000e-01
   1.0000000e+00
   5.0000000e-01
   5.0000000e-01
   5.0000000e-01
   5.0000000e-01
   2.6001000e+01
   9.9900000e-01
   1.0000000e+00
   5.0000000e-01
   5.0000000e-01
   5.0000000e-01
   5.0000000e-01
   2.6001000e+01
   9.9900000e-01
   1.0000000e+00
   5.0000000e-01
   5.0000000e-01
   5.0000000e-01
   5.0000000e-01
   2.6001000e+01
   9.9900000e-01
   1.0000000e+00
   5.0000000e-01
   5.0000000e-01
   5.0000000e-01
   5.0000000e-01
   2.6001000e+01
   9.9900000e-01
   1.0000000e+00
   5.0000000e-01
   5.0000000e-01
   5.0000000e-01
   5.0000000e-01
   2.6001000e+01
   9.9900000e-01
   1.0000000e+00
   5.0000000e-01
   5.0000000e-01
   5.0000000e-01
   5.0000000e-01
   2.6001000e+01
   9.9900000e-01
   1.0000000e+00
   5.0000000e-01
   5.0000000e-01
   5.0000000e-01
   5.0000000e-01
   2.6001000e+01
   9.9900000e-01
   1.0000000e+00
   5.0000000e-01
   5.0000000e-01
   5.0000000e-01
   5.0000000e-01
   2.6001000e+01
   9.9900000e-01
   1.0000000e+00
   5.0000000e-01
   5.0000000e-01
   5.0000000e-01
   5.0000000e-01
   2.6001000e+01
   9.9900000e-01
   1.0000000e+00
   5.0000000e-01
   5.0000000e-01
   5.0000000e-01
   5.0000000e-01
   2.6001000e+01
   9.9900000e-01
   1.0000000e+00
   5.0000000e-01
   5.0000000e-01
   5.0000000e-01
   5.0000000e-01
   2.6001000e+01
   9.9900000e-01
   1.0000000e+00
   5.0000000e-01
   5.0000000e-01
   5.0000000e-01
   5.0000000e-01
   2.6001000e+01
   9.9900000e-01
   1.0000000e+00
   5.0000000e-01
   5.0000000e-01
   5.0000000e-01
   5.0000000e-01
   2.6001000e+01
   9.9900000e-01
   1.0000000e+00
   5.0000000e-01
   5.0000000e-01
   5.0000000e-01
   5.0000000e-01
   2.6001000e+01
   9.9900000e-01
   1.0000000e+00
   5.0000000e-01
   5.0000000e-01
   5.0000000e-01
   5.0000000e-01
   2.6001000e+01
   9.9900000e-01
   1.0000000e+00
   5.0000000e-01
   5.0000000e-01
   5.0000000e-01
   5.0000000e-01
   2.6001000e+01
   9.9900000e-01
   1.0000000e+00
   5.0000000e-01
   5.0000000e-01
   5.0000000e-01
   5.0000000e-01
   2.6001000e+01
   9.9900000e-01
   1.0000000e+00
   5.0000000e-01
   5.0000000e-01
   5.0000000e-01
   5.0000000e-01
   2.6001000e+01
   9.9900000e-01
   1.0000000e+00
   5.0000000e-01
   5.0000000e-01
   5.0000000e-01
   5.0000000e-01
   2.6001000e+01
   9.9900000e-01
   1.0000000e+00
   5.0000000e-01
   5.0000000e-01
   5.0000000e-01
   5.0000000e-01
   2.6001000e+01
   9.9900000e-01
   1.0000000e+00
   5.0000000e-01
   5.0000000e-01
   5.0000000e-01
   5.0000000e-01
   2.6001000e+01
   9.9900000e-01
   1.0000000e+00
   5.0000000e-01
   5.0000000e-01
   5.0000000e-01
   5.0000000e-01
   2.6001000e+01
   9.9900000e-01
   1.0000000e+00
   5.0000000e-01
   5.0000000e-01
   5.0000000e-01
   5.0000000e-01
   2.6001000e+01
   9.9900000e-01
   1.0000000e+00
   5.0000000e-01
   5.0000000e-01
   5.0000000e-01
   5.0000000e-01
   2.6001000e+01
