   7.9990000e+00
   6.0000000e+00
   4.0000000e+00
   2.0000000e+00
   2.0000000e+00
   1.2000000e+01
   1.6001000e+01
   7.9990000e+00
   6.0000000e+00
   4.0000000e+00
   2.0000000e+00
   2.0000000e+00
   1.2000000e+01
   1.6001000e+01
   7.9990000e+00
   6.0000000e+00
   4.0000000e+00
   2.0000000e+00
   2.0000000e+00
   1.2000000e+01
   1.6001000e+01
   7.9990000e+00
   6.0000000e+00
   4.0000000e+00
   2.0000000e+00
   2.0000000e+00
   1.2000000e+01
   1.6001000e+01
   7.9990000e+00
   6.0000000e+00
   4.0000000e+00
   2.0000000e+00
   2.0000000e+00
   1.2000000e+01
   1.6001000e+01
   7.9990000e+00
   6.0000000e+00
   4.0000000e+00
   2.0000000e+00
   2.0000000e+00
   1.2000000e+01
   1.6001000e+01
   7.9990000e+00
   6.0000000e+00
   4.0000000e+00
   2.0000000e+00
   2.0000000e+00
   1.2000000e+01
   1.6001000e+01
   7.9990000e+00
   6.0000000e+00
   4.0000000e+00
   2.0000000e+00
   2.0000000e+00
   1.2000000e+01
   1.6001000e+01
   7.9990000e+00
   6.0000000e+00
   4.0000000e+00
   2.0000000e+00
   2.0000000e+00
   1.2000000e+01
   1.6001000e+01
   5.9990000e+00
   1.9000000e+01
   1.1000000e+01
   4.0000000e+00
   2.0000000e+00
   2.0000000e+00
   6.0010000e+00
   5.9990000e+00
   1.9000000e+01
   1.1000000e+01
   4.0000000e+00
   2.0000000e+00
   2.0000000e+00
   6.0010000e+00
   5.9990000e+00
   1.9000000e+01
   1.1000000e+01
   4.0000000e+00
   2.0000000e+00
   2.0000000e+00
   6.0010000e+00
   5.9990000e+00
   1.9000000e+01
   1.1000000e+01
   4.0000000e+00
   2.0000000e+00
   2.0000000e+00
   6.0010000e+00
   5.9990000e+00
   1.9000000e+01
   1.1000000e+01
   4.0000000e+00
   2.0000000e+00
   2.0000000e+00
   6.0010000e+00
   7.9990000e+00
   6.0000000e+00
   4.0000000e+00
   2.0000000e+00
   2.0000000e+00
   1.2000000e+01
   1.6001000e+01
   7.9990000e+00
   6.0000000e+00
   4.0000000e+00
   2.0000000e+00
   2.0000000e+00
   1.2000000e+01
   1.6001000e+01
   7.9990000e+00
   6.0000000e+00
   4.0000000e+00
   2.0000000e+00
   2.0000000e+00
   1.2000000e+01
   1.6001000e+01
   7.9990000e+00
   6.0000000e+00
   4.0000000e+00
   2.0000000e+00
   2.0000000e+00
   1.2000000e+01
   1.6001000e+01
   7.9990000e+00
   6.0000000e+00
   4.0000000e+00
   2.0000000e+00
   2.0000000e+00
   1.2000000e+01
   1.6001000e+01
   7.9990000e+00
   6.0000000e+00
   4.0000000e+00
   2.0000000e+00
   2.0000000e+00
   1.2000000e+01
   1.6001000e+01
   7.9990000e+00
   6.0000000e+00
   4.0000000e+00
   2.0000000e+00
   2.0000000e+00
   1.2000000e+01
   1.6001000e+01
   7.9990000e+00
   6.0000000e+00
   4.0000000e+00
   2.0000000e+00
   2.0000000e+00
   1.2000000e+01
   1.6001000e+01
   7.9990000e+00
   6.0000000e+00
   4.0000000e+00
   2.0000000e+00
   2.0000000e+00
   1.2000000e+01
   1.6001000e+01
   7.9990000e+00
   6.0000000e+00
   4.0000000e+00
   2.0000000e+00
   2.0000000e+00
   1.2000000e+01
   1.6001000e+01
