   1.0000000e-02
   5.0550331e-02
   5.0550331e-02
   5.0550331e-02
   5.0550331e-02
   8.0720399e-02
   8.0720399e-02
   8.0720399e-02
   8.0720399e-02
   8.0720399e-02
   1.3047161e-01
   1.3047161e-01
   1.3047161e-01
   1.3047161e-01
   1.3047161e-01
   1.0000000e-02
   1.0000000e-02
   1.0000000e-02
   1.0000000e-02
   6.0626509e-02
   6.0626509e-02
   6.0626509e-02
   6.0626509e-02
   6.0626509e-02
   7.0684219e-02
   7.0684219e-02
   7.0684219e-02
   7.0684219e-02
   7.0684219e-02
   1.0000000e-02
   1.0000000e-02
   1.0000000e-02
   1.0000000e-02
   1.0000000e-02
