   3.6700000e-04
   1.3587530e+02
   3.6400000e-04
   1.3577195e+02
   3.6700000e-04
   1.3623328e+02
   3.6500000e-04
   1.3618037e+02
   3.6700000e-04
   1.3633775e+02
   3.6700000e-04
   1.3611595e+02
   3.6700000e-04
   1.3661852e+02
   3.6500000e-04
   1.3626698e+02
   3.6600000e-04
   1.3619264e+02
   3.6600000e-04
   1.3565288e+02
   3.7000000e-04
   1.3630574e+02
   3.6700000e-04
   1.3647048e+02
   3.6800000e-04
   1.3666200e+02
   3.6700000e-04
   1.3647464e+02
   3.6600000e-04
   1.3678247e+02
   3.6400000e-04
   1.3682840e+02
   3.6900000e-04
   1.3680886e+02
   3.6800000e-04
   1.3660160e+02
   3.6800000e-04
   1.3651648e+02
   3.6700000e-04
   1.3678129e+02
   3.6900000e-04
   1.3643704e+02
   3.6700000e-04
   1.3658613e+02
   3.6600000e-04
   1.3650335e+02
   3.7100000e-04
   1.3670530e+02
   3.7000000e-04
   1.3624878e+02
   3.6600000e-04
   1.3669274e+02
   3.6600000e-04
   1.3697597e+02
   3.6500000e-04
   1.3620269e+02
   3.6900000e-04
   1.3691951e+02
   3.6700000e-04
   1.3541080e+02
   3.7000000e-04
   1.3678743e+02
