   2.5300000e-04
   2.9937577e+02
   2.5500000e-04
   2.9905028e+02
   2.5500000e-04
   2.9864894e+02
   2.5600000e-04
   2.9831307e+02
   2.5400000e-04
   2.9819098e+02
   2.5700000e-04
   2.9778537e+02
   2.5600000e-04
   2.9891927e+02
   2.5500000e-04
   2.9851888e+02
   2.5500000e-04
   2.9862347e+02
   2.5400000e-04
   2.9854655e+02
   2.5100000e-04
   2.8981920e+02
   2.4900000e-04
   2.9150261e+02
   2.5300000e-04
   2.9327632e+02
   2.5300000e-04
   2.9481869e+02
   2.5100000e-04
   2.9643189e+02
   2.5300000e-04
   2.9768249e+02
   2.5300000e-04
   2.9885886e+02
   2.5100000e-04
   2.9761354e+02
   2.5300000e-04
   2.9798260e+02
   2.5600000e-04
   2.9939471e+02
   2.5500000e-04
   2.9987274e+02
   2.5400000e-04
   3.0032678e+02
   2.5400000e-04
   3.0081235e+02
   2.5300000e-04
   3.0126797e+02
