   2.1230000e-03
   1.6140150e+02
   2.1230000e-03
   1.6202747e+02
   2.1230000e-03
   1.6250830e+02
   2.1230000e-03
   1.6290014e+02
   2.1230000e-03
   1.6338045e+02
   2.1230000e-03
   1.6366230e+02
   2.1230000e-03
   1.6403244e+02
   2.1230000e-03
   1.6423747e+02
   2.1230000e-03
   1.6443488e+02
   2.1230000e-03
   1.6471709e+02
   2.1230000e-03
   1.6500934e+02
   2.1230000e-03
   1.6517370e+02
   2.1230000e-03
   1.6533064e+02
   2.1230000e-03
   1.6544389e+02
   2.1230000e-03
   1.6561974e+02
   2.1230000e-03
   1.6569452e+02
   2.1230000e-03
   1.6563052e+02
   2.1230000e-03
   1.6569986e+02
   2.1230000e-03
   1.6572634e+02
   2.1230000e-03
   1.6569726e+02
   2.1230000e-03
   1.6579618e+02
   2.1230000e-03
   1.6583230e+02
   2.1230000e-03
   1.6587968e+02
   2.1230000e-03
   1.6561986e+02
   2.1230000e-03
   1.6587756e+02
   2.1230000e-03
   1.6585588e+02
   2.1230000e-03
   1.6611387e+02
   2.1230000e-03
   1.6615707e+02
   2.1230000e-03
   1.6613533e+02
   2.1230000e-03
   1.6611737e+02
