   1.0600000e-04
   2.9441678e-02
   1.0600000e-04
   3.8218597e-02
   1.0600000e-04
   3.6119772e-02
   1.0600000e-04
   5.5305014e-02
   1.0600000e-04
   5.8309687e-02
   1.0600000e-04
   4.8663057e-02
   1.0600000e-04
   5.6398676e-02
   1.0600000e-04
   6.1531442e-02
   1.0600000e-04
   7.0246420e-02
   1.0600000e-04
   4.8680425e-02
   1.0600000e-04
   7.3044960e-02
   1.0600000e-04
   7.6428146e-02
   1.0600000e-04
   8.0997303e-02
   1.0600000e-04
   8.4288737e-02
   1.0600000e-04
   7.6002380e-02
   1.0600000e-04
   8.3768079e-02
   1.0600000e-04
   7.0169038e-02
   1.0600000e-04
   8.5114317e-02
   1.0600000e-04
   8.3153580e-02
   1.0600000e-04
   7.9695546e-02
   1.0600000e-04
   7.4869980e-02
   1.0600000e-04
   8.0730858e-02
   1.0600000e-04
   8.0976264e-02
   1.0600000e-04
   6.5928879e-02
   1.0600000e-04
   7.3358844e-02
   1.0600000e-04
   8.8439774e-02
   1.0600000e-04
   6.8964187e-02
   1.0600000e-04
   7.0577753e-02
   1.0600000e-04
   7.9200855e-02
   1.0600000e-04
   7.7357469e-02
