   2.1230000e-03
   1.6396425e+02
   2.1230000e-03
   1.6383837e+02
   2.1230000e-03
   1.6371695e+02
   2.1230000e-03
   1.6361665e+02
   2.1230000e-03
   1.6352254e+02
   2.1230000e-03
   1.6338779e+02
   2.1230000e-03
   1.6399040e+02
   2.1230000e-03
   1.6385518e+02
   2.1240000e-03
   1.6126913e+02
   2.1230000e-03
   1.6376457e+02
   2.1230000e-03
   1.6123764e+02
   2.1230000e-03
   1.6194805e+02
   2.1230000e-03
   1.6258724e+02
   2.1230000e-03
   1.6315198e+02
   2.1230000e-03
   1.6366513e+02
   2.1230000e-03
   1.6408007e+02
   2.1230000e-03
   1.6449610e+02
   2.1230000e-03
   1.6374617e+02
   2.1230000e-03
   1.6399809e+02
   2.1230000e-03
   1.6460281e+02
   2.1230000e-03
   1.6475677e+02
   2.1230000e-03
   1.6494880e+02
   2.1230000e-03
   1.6513990e+02
   2.1230000e-03
   1.6531215e+02
