   2.1250000e-03
  -2.2976792e+00
   2.1230000e-03
  -1.4892725e+00
   2.1230000e-03
  -1.3573839e+00
   2.1230000e-03
  -1.4015561e+00
   2.1280000e-03
  -6.0707669e-01
   2.1250000e-03
  -2.3608258e+00
   2.1230000e-03
  -1.3718585e+00
   2.1280000e-03
  -7.2422636e-01
   2.1250000e-03
  -2.2986745e+00
   2.1230000e-03
  -1.3942979e+00
   2.1230000e-03
  -1.4444560e+00
   2.1230000e-03
  -1.3388873e+00
   2.1230000e-03
  -1.3379930e+00
   2.1230000e-03
  -1.3188942e+00
   2.1230000e-03
  -1.2751124e+00
   2.1230000e-03
  -1.2394503e+00
   2.1230000e-03
  -1.2225758e+00
   2.1230000e-03
  -1.2992901e+00
   2.1230000e-03
  -1.3080824e+00
   2.1250000e-03
  -2.3943251e+00
   2.1230000e-03
  -1.2117916e+00
   2.1230000e-03
  -1.2287907e+00
   2.1250000e-03
  -2.3732191e+00
   2.1230000e-03
  -1.3531926e+00
   2.1230000e-03
  -1.3434237e+00
   2.1230000e-03
  -1.3192238e+00
   2.1230000e-03
  -1.4268861e+00
   2.1230000e-03
  -1.2284031e+00
   2.1230000e-03
  -1.3036316e+00
   2.1230000e-03
  -1.3071530e+00
   2.1230000e-03
  -1.4015868e+00
