   1.0400000e-04
  -4.8641263e-04
   1.0400000e-04
  -4.1218078e-03
   1.0400000e-04
  -4.0732644e-03
   1.0400000e-04
  -9.0558071e-03
   1.0400000e-04
  -5.3232114e-03
   1.0400000e-04
  -4.3493879e-03
   1.0400000e-04
  -4.9056371e-03
   1.0400000e-04
  -5.5665259e-03
   1.0400000e-04
  -5.7748555e-03
   1.0400000e-04
  -4.7058383e-03
   1.0400000e-04
  -7.7600422e-03
   1.0400000e-04
  -1.1878742e-03
   1.0100000e-04
  -1.0360307e-03
   1.0400000e-04
  -4.4420306e-03
   1.0400000e-04
  -5.0538383e-03
   1.0400000e-04
  -6.7016036e-03
   1.0300000e-04
  -8.9291283e-03
   1.0400000e-04
  -3.5584935e-03
   1.0400000e-04
  -1.1260625e-03
   1.0300000e-04
  -1.1560200e-03
   1.0400000e-04
  -6.5020048e-03
   1.0400000e-04
  -3.0419825e-03
   1.0400000e-04
  -8.5332869e-04
   9.9000000e-05
  -4.5645647e-04
   1.0400000e-04
  -2.1546662e-03
   1.0400000e-04
  -7.3345695e-03
   1.0400000e-04
  -5.2342955e-03
   1.0400000e-04
  -6.4291260e-03
   1.0400000e-04
  -3.7759033e-03
   1.0300000e-04
  -4.7071257e-03
   1.0200000e-04
  -7.0145984e-04
