   2.1230000e-03
   1.5935845e+02
   2.1230000e-03
   1.5937844e+02
   2.1230000e-03
   1.5946125e+02
   2.1230000e-03
   1.5954937e+02
   2.1230000e-03
   1.5962286e+02
   2.1230000e-03
   1.5971346e+02
   2.1230000e-03
   1.5977534e+02
   2.1230000e-03
   1.5980642e+02
   2.1230000e-03
   1.5984018e+02
   2.1230000e-03
   1.5988081e+02
   2.1240000e-03
   1.5682211e+02
   2.1240000e-03
   1.5813624e+02
   2.1230000e-03
   1.6024547e+02
   2.1230000e-03
   1.6025084e+02
   2.1230000e-03
   1.6037136e+02
   2.1230000e-03
   1.6036098e+02
   2.1240000e-03
   1.5795417e+02
   2.1230000e-03
   1.6042780e+02
   2.1230000e-03
   1.6041516e+02
   2.1230000e-03
   1.6052309e+02
   2.1230000e-03
   1.6054215e+02
   2.1230000e-03
   1.6059401e+02
   2.1230000e-03
   1.6055261e+02
   2.1230000e-03
   1.6057927e+02
   2.1230000e-03
   1.6064856e+02
