   2.1280000e-03
  -4.2246655e-01
   2.1280000e-03
  -1.9668649e-02
   2.1280000e-03
   5.2425471e-01
   2.1280000e-03
   4.1471210e-01
   2.1280000e-03
   4.5244358e-01
   2.1280000e-03
   3.2413649e-01
   2.1280000e-03
  -1.7750398e-02
   2.1280000e-03
   1.0293226e-01
   2.1280000e-03
   2.3547093e-01
   2.1280000e-03
   2.4118963e-01
   2.1280000e-03
  -3.5005199e-01
   2.1280000e-03
  -6.7487461e-01
   2.1280000e-03
   4.0247287e-01
   2.1280000e-03
   2.4843983e-01
   2.1280000e-03
  -4.6749875e-01
   2.1280000e-03
  -5.8336822e-01
   2.1280000e-03
   2.1454793e-01
   2.1280000e-03
   3.1705706e-01
   2.1280000e-03
   2.8891417e-01
   2.1280000e-03
  -2.9101257e-01
   2.1280000e-03
   2.8423688e-01
   2.1280000e-03
   2.5543083e-01
   2.1280000e-03
   1.9704238e-01
   2.1280000e-03
   2.7974167e-01
   2.1280000e-03
  -2.5228664e-01
