   2.5600000e-04
   2.9142138e+02
   2.5500000e-04
   2.9130945e+02
   2.5700000e-04
   2.9147382e+02
   2.5800000e-04
   2.9162724e+02
   2.5600000e-04
   2.9190045e+02
   2.5900000e-04
   2.9190692e+02
   2.5800000e-04
   2.9212591e+02
   2.5600000e-04
   2.9211197e+02
   2.5600000e-04
   2.9226086e+02
   2.5700000e-04
   2.9239561e+02
   2.5900000e-04
   2.9253263e+02
   2.5900000e-04
   2.9296941e+02
   2.5600000e-04
   2.9317052e+02
   2.5600000e-04
   2.9319556e+02
   2.5800000e-04
   2.9329043e+02
   2.5800000e-04
   2.9329945e+02
   2.5600000e-04
   2.9359638e+02
   2.5700000e-04
   2.9366692e+02
   2.5600000e-04
   2.9366649e+02
   2.5800000e-04
   2.9378151e+02
   2.5700000e-04
   2.9389690e+02
   2.5700000e-04
   2.9390031e+02
   2.5500000e-04
   2.9400256e+02
   2.5600000e-04
   2.9408994e+02
   2.5800000e-04
   2.9404815e+02
