   3.6600000e-04
   1.3376107e+02
   3.7100000e-04
   1.3378405e+02
   3.6700000e-04
   1.3394412e+02
   3.6800000e-04
   1.3409850e+02
   3.6600000e-04
   1.3438375e+02
   3.6500000e-04
   1.3424356e+02
   3.6700000e-04
   1.3407990e+02
   3.6300000e-04
   1.3438070e+02
   3.6600000e-04
   1.3450853e+02
   3.6900000e-04
   1.3413665e+02
   3.6800000e-04
   1.3402663e+02
   3.6700000e-04
   1.3435285e+02
   3.6800000e-04
   1.3414492e+02
   3.6600000e-04
   1.3434325e+02
   3.6500000e-04
   1.3430504e+02
   3.6600000e-04
   1.3439632e+02
   3.6500000e-04
   1.3437854e+02
   3.6600000e-04
   1.3431080e+02
   3.6800000e-04
   1.3429005e+02
   3.6400000e-04
   1.3443522e+02
   3.6700000e-04
   1.3440995e+02
   3.7000000e-04
   1.3414375e+02
   3.6500000e-04
   1.3447653e+02
   3.6800000e-04
   1.3386720e+02
   3.6500000e-04
   1.3446349e+02
   3.6600000e-04
   1.3456771e+02
   3.6400000e-04
   1.3496552e+02
   3.6700000e-04
   1.3445226e+02
   3.6700000e-04
   1.3448891e+02
   3.6800000e-04
   1.3449733e+02
   3.6700000e-04
   1.3456846e+02
