   2.1230000e-03
   1.6097772e+02
   2.1230000e-03
   1.6160139e+02
   2.1230000e-03
   1.6206023e+02
   2.1230000e-03
   1.6258398e+02
   2.1230000e-03
   1.6298958e+02
   2.1230000e-03
   1.6333413e+02
   2.1230000e-03
   1.6368093e+02
   2.1230000e-03
   1.6399836e+02
   2.1230000e-03
   1.6428380e+02
   2.1230000e-03
   1.6452199e+02
   2.1230000e-03
   1.6463525e+02
   2.1230000e-03
   1.6478310e+02
   2.1230000e-03
   1.6479142e+02
   2.1230000e-03
   1.6493965e+02
   2.1230000e-03
   1.6504457e+02
   2.1230000e-03
   1.6517332e+02
   2.1230000e-03
   1.6524365e+02
   2.1230000e-03
   1.6523849e+02
   2.1230000e-03
   1.6539428e+02
   2.1230000e-03
   1.6550814e+02
   2.1230000e-03
   1.6543926e+02
   2.1230000e-03
   1.6536422e+02
   2.1230000e-03
   1.6540714e+02
   2.1230000e-03
   1.6542777e+02
   2.1230000e-03
   1.6540409e+02
   2.1230000e-03
   1.6491054e+02
   2.1230000e-03
   1.6475819e+02
   2.1230000e-03
   1.6485872e+02
   2.1230000e-03
   1.6493528e+02
   2.1230000e-03
   1.6492512e+02
   2.1230000e-03
   1.6490713e+02
   2.1230000e-03
   1.6500945e+02
   2.1230000e-03
   1.6498163e+02
   2.1230000e-03
   1.6499222e+02
