   1.0600000e-04
  -1.3666536e-02
   1.0600000e-04
   2.0538508e-02
   1.0600000e-04
   3.0399784e-02
   1.0600000e-04
  -1.1050853e-02
   1.0600000e-04
   9.7718828e-03
   1.0600000e-04
   2.2036960e-02
   1.0600000e-04
  -8.7083370e-05
   1.0600000e-04
   3.8593952e-02
   1.0600000e-04
   5.6093847e-02
   1.0600000e-04
   1.7732047e-02
   1.0600000e-04
   4.0669070e-02
   1.0600000e-04
   2.6769327e-02
   1.0600000e-04
   5.7286721e-02
   1.0600000e-04
   7.3572734e-02
   1.0600000e-04
   5.2895093e-02
   1.0600000e-04
   5.7006537e-02
   1.0600000e-04
   9.0071672e-02
   1.0600000e-04
   7.8543033e-02
   1.0600000e-04
   6.6370694e-02
   1.0600000e-04
   8.2527160e-03
   1.0600000e-04
   3.5413995e-02
   1.0600000e-04
   7.9364196e-02
   1.0600000e-04
   6.7934568e-02
   1.0600000e-04
   6.6914945e-02
   1.0600000e-04
   9.6230089e-02
   1.0600000e-04
   6.2054411e-02
   1.0600000e-04
   5.9231006e-02
   1.0600000e-04
   7.2569568e-02
   1.0600000e-04
   9.2909420e-02
   1.0600000e-04
   6.8882263e-02
   1.0600000e-04
   6.0935450e-02
   1.0600000e-04
   6.6780029e-02
   1.0600000e-04
   4.6840038e-02
   1.0600000e-04
   7.4122544e-02
   1.0600000e-04
   7.2554263e-02
   1.0600000e-04
   5.9484548e-02
   1.0600000e-04
   3.9622317e-02
   1.0600000e-04
   5.9466157e-02
   1.0600000e-04
   5.1545031e-02
   1.0600000e-04
   7.3907912e-02
   1.0600000e-04
   7.0434409e-02
   1.0600000e-04
   7.2993635e-02
   1.0600000e-04
   5.9284270e-02
   1.0600000e-04
   7.2238023e-02
   1.0600000e-04
   8.3015998e-02
