   2.1280000e-03
   4.3436375e-01
   2.1280000e-03
   3.9928214e-01
   2.1280000e-03
   3.7012524e-01
   2.1280000e-03
   1.9955725e-01
   2.1280000e-03
   9.4899740e-02
   2.1280000e-03
   1.1274956e-01
   2.1280000e-03
  -3.6955493e-01
   2.1280000e-03
  -5.4178904e-01
   2.1280000e-03
  -5.9038269e-01
   2.1280000e-03
  -4.4063992e-01
   2.1280000e-03
   2.7683996e-01
   2.1280000e-03
  -3.2332204e-01
   2.1280000e-03
  -7.0951458e-01
   2.1280000e-03
  -5.5165850e-01
   2.1280000e-03
  -3.4852991e-01
   2.1280000e-03
   2.9217485e-03
   2.1280000e-03
  -9.3911995e-02
   2.1280000e-03
  -7.8565302e-02
   2.1280000e-03
  -6.2079701e-01
   2.1280000e-03
  -5.1436859e-01
   2.1280000e-03
  -5.5990165e-01
   2.1280000e-03
  -2.7688613e-01
   2.1280000e-03
  -1.7043121e-01
   2.1280000e-03
  -1.3827201e-01
