   3.8629308e+00
   1.6704190e-01
   4.8100363e+00
   1.0000000e+02
   1.0000000e+02
   1.0000000e+02
   1.0000000e+02
   6.3209300e+00
   6.2561813e-01
   4.5393375e-02
   1.8713840e-02
   5.4954188e+01
   1.0000000e+02
   1.0000000e+02
   6.3209300e+00
   6.1980359e-01
   3.1037394e-02
   1.2445007e-02
   5.6953685e+01
   1.0000000e+02
   1.0000000e+02
   6.3209300e+00
   6.5132621e-01
   7.1684098e-02
   2.4620969e-02
   1.4657132e+01
   1.0000000e+02
   1.0000000e+02
   6.3209300e+00
   6.4982737e-01
   6.8619262e-02
   1.9761855e-02
   5.4803551e+01
   1.0000000e+02
   1.0000000e+02
   6.3209300e+00
   7.0452906e-01
   2.6912670e-01
   1.0143942e-01
   3.7738650e-02
   1.3458522e-02
   8.8452855e+01
   6.3209300e+00
   6.4816046e-01
   4.6264539e-02
   1.5219325e-02
   8.9950637e+01
   1.0000000e+02
   1.0000000e+02
   6.3209300e+00
   7.5388877e-01
   3.5473563e-01
   9.6539849e-02
   3.3265863e-02
   1.2798319e-02
   9.7000723e+01
   6.3209300e+00
   7.3787223e-01
   1.6832418e-01
   4.7347836e-02
   1.8466954e-02
   4.0904306e+01
   1.0000000e+02
   6.3209300e+00
   7.9185537e-01
   2.8098812e-01
   6.6953961e-02
   2.2733514e-02
   1.3758162e+01
   1.0000000e+02
   6.3209300e+00
   7.8522707e-01
   1.5740346e-01
   5.1951521e-02
   1.9443176e-02
   3.9905227e+01
   1.0000000e+02
   6.3209300e+00
   6.8266767e-01
   8.7099435e-02
   3.4241453e-02
   1.3238236e-02
   9.6850227e+01
   1.0000000e+02
   6.3209300e+00
   6.2592943e-01
   3.2298597e-02
   6.1653204e+01
   1.0000000e+02
   1.0000000e+02
   1.0000000e+02
   6.3209300e+00
   6.3884135e-01
   3.6372735e-02
   6.6083916e+00
   1.0000000e+02
   1.0000000e+02
   1.0000000e+02
   6.3209300e+00
   6.4259456e-01
   5.1133807e-02
   3.0963464e-02
   1.8425344e-02
   1.1603279e-02
   9.5167939e+01
   6.3209300e+00
   6.4006096e-01
   2.5799472e-02
   1.7258124e+01
   1.0000000e+02
   1.0000000e+02
   1.0000000e+02
   6.6116900e+00
   8.2835513e-01
   4.3937254e-02
   1.9254107e-02
   1.2130629e-02
   6.1703690e+01
   1.0000000e+02
   6.3209300e+00
   6.0150595e-01
   2.1080389e-02
   8.4000781e+01
   1.0000000e+02
   1.0000000e+02
   1.0000000e+02
   6.3209300e+00
   6.5561177e-01
   3.6866513e-02
   1.4813081e-02
   2.2856937e+01
   1.0000000e+02
   1.0000000e+02
   6.3209300e+00
   6.3654099e-01
   2.6961069e-02
   5.6353379e+01
   1.0000000e+02
   1.0000000e+02
   1.0000000e+02
   6.3209300e+00
   7.0898105e-01
   4.6144405e-02
   1.4228149e-02
   6.3303390e+01
   1.0000000e+02
   1.0000000e+02
   6.3209300e+00
   6.5713255e-01
   4.4317408e-02
   2.0289492e-02
   1.2658480e-02
   5.7154358e+01
   1.0000000e+02
   6.3209300e+00
   6.7800176e-01
   4.1117441e-02
   1.5926554e-02
   3.1656800e+01
   1.0000000e+02
   1.0000000e+02
   6.6116900e+00
   9.1671649e-01
   4.3355916e-02
   1.9988120e-02
   3.1708579e+01
   1.0000000e+02
   1.0000000e+02
   6.3209300e+00
   6.6150326e-01
   4.0265489e-02
   1.5414176e-02
   7.9651843e+01
   1.0000000e+02
   1.0000000e+02
   6.3209300e+00
   6.7480636e-01
   4.5013622e-02
   1.7677497e-02
   4.1205534e+01
   1.0000000e+02
   1.0000000e+02
   6.3209300e+00
   7.0067397e-01
   5.0079440e-02
   1.6200742e-02
   6.8802295e+01
   1.0000000e+02
   1.0000000e+02
   6.3209300e+00
   7.3668420e-01
   6.9284183e-02
   2.6344374e-02
   1.3094129e-02
   7.1052789e+01
   1.0000000e+02
   6.3209300e+00
   6.6798457e-01
   5.1327407e-02
   2.5150011e-02
   1.1714377e-02
   7.2002464e+01
   1.0000000e+02
   6.6116900e+00
   9.4513509e-01
   2.0060274e-01
   4.1700033e-02
   1.1439757e-02
   8.9100708e+01
   1.0000000e+02
   6.3209300e+00
   7.0470980e-01
   6.4831562e-02
   1.4315495e-02
   5.0704040e+01
   1.0000000e+02
   1.0000000e+02
   6.3209300e+00
   7.7608509e-01
   1.2445392e-01
   3.9495069e-02
   1.5611353e-02
   4.7355144e+01
   1.0000000e+02
   6.3209300e+00
   6.6235442e-01
   6.0737662e-02
   2.5179283e-02
   1.3293940e-02
   4.3304813e+01
   1.0000000e+02
   6.3209300e+00
   8.3100735e-01
   4.0389317e-01
   9.3440490e-02
   4.1706466e-02
   1.5579558e-02
   8.4320628e+01
