   4.0315200e+00
   4.0315200e+00
   4.0315200e+00
   1.7229404e+00
   3.5435999e-01
   2.3769686e-02
   6.7309571e+01
   4.0315200e+00
   4.0315200e+00
   4.0315200e+00
   1.7016889e+00
   4.2237524e-01
   4.8894888e+00
   1.0000000e+02
   4.0315200e+00
   4.0315200e+00
   4.0315200e+00
   1.7016889e+00
   4.3659490e-01
   2.7721238e-02
   7.6689655e+01
   4.0315200e+00
   4.0315200e+00
   4.0315200e+00
   1.7016889e+00
   4.8575831e-01
   3.0595736e-02
   6.8765585e+01
   4.0315200e+00
   4.0315200e+00
   4.0315200e+00
   1.7016889e+00
   4.5488019e-01
   2.6619160e-02
   6.7846798e+01
   3.8542300e+00
   3.8542300e+00
   3.8542300e+00
   9.8744524e-01
   1.9983880e-01
   1.4243030e-02
   8.2226683e+01
   4.0315200e+00
   4.0315200e+00
   4.0315200e+00
   1.6813717e+00
   5.3881787e-01
   2.9084986e-02
   8.5201339e+01
   4.0315200e+00
   4.0315200e+00
   4.0315200e+00
   1.7229404e+00
   3.7560390e-01
   1.3954191e-02
   9.6331555e+01
   4.4109400e+00
   4.4109400e+00
   4.4109400e+00
   3.4373129e+00
   7.2616967e-01
   4.7686495e-02
   8.4501277e+01
   3.8542300e+00
   3.7220894e+00
   6.1730443e-02
   1.3350110e-02
   7.8416743e-03
   5.0988142e-03
   4.5577119e+01
   3.8542300e+00
   3.7251887e+00
   2.5282187e-01
   3.7441453e-03
   2.7133731e-03
   2.5848976e-03
   8.0037238e+01
   3.8542300e+00
   3.7234984e+00
   2.6846033e-01
   3.9021014e-03
   4.6001207e+01
   1.0000000e+02
   1.0000000e+02
   3.8542300e+00
   3.7349931e+00
   1.2224028e-01
   1.0580878e-02
   6.9002504e-03
   4.9573466e-03
   4.8227271e+01
   3.8542300e+00
   3.7341918e+00
   9.3694226e-02
   8.7282407e-03
   6.8566912e-03
   5.4168411e-03
   4.4035622e-03
   3.8542300e+00
   3.8542300e+00
   3.8542300e+00
   6.7860071e-01
   1.0681468e-01
   1.4816558e-02
   9.4987965e+01
   4.0315200e+00
   4.0315200e+00
   4.0315200e+00
   1.4310950e+00
   9.0557268e-02
   1.3027061e-02
   9.1463319e+01
   4.0315200e+00
   4.0315200e+00
   4.0315200e+00
   1.4317134e+00
   8.7203401e-02
   1.4489702e-02
   8.2708005e+01
   4.0315200e+00
   4.0315200e+00
   4.0315200e+00
   1.5589014e+00
   9.9384313e-02
   1.3308569e-02
   9.6656516e+01
   4.0315200e+00
   4.0315200e+00
   4.0315200e+00
   1.5589014e+00
   1.0620770e-01
   2.5939208e+00
   1.0000000e+02
   4.0315200e+00
   4.0315200e+00
   4.0315200e+00
   1.5589014e+00
   1.2077318e-01
   1.5851361e-02
   9.8500130e+01
   4.0315200e+00
   4.0315200e+00
   4.0315200e+00
   1.5517360e+00
   7.2481147e-02
   1.1217896e-02
   9.7462735e+01
   4.0315200e+00
   4.0315200e+00
   4.0315200e+00
   1.6664318e+00
   1.5030321e-01
   3.1554753e-02
   3.2476809e+01
   4.0315200e+00
   4.0315200e+00
   4.0315200e+00
   1.6771783e+00
   1.6450766e-01
   2.3088991e-02
   3.3045475e+01
   4.0315200e+00
   4.0315200e+00
   4.0315200e+00
   1.7640711e+00
   2.7504203e-01
   2.9809595e-02
   8.1570660e+01
