   2.5028700e+00
   9.8465709e-01
   6.5333243e-03
   4.8357236e-03
   4.4588360e-03
   4.6278673e-03
   9.7115027e+01
   2.5028700e+00
   9.8500860e-01
   4.1367786e-03
   9.3800117e+01
   1.0000000e+02
   1.0000000e+02
   1.0000000e+02
   2.5028700e+00
   9.8521485e-01
   5.9818599e-03
   1.2281229e-02
   5.0201742e+01
   1.0000000e+02
   1.0000000e+02
   2.5028700e+00
   9.8430842e-01
   4.4257708e-03
   8.6800308e+01
   1.0000000e+02
   1.0000000e+02
   1.0000000e+02
   2.5028700e+00
   9.8470660e-01
   5.4304233e-03
   4.3087916e-03
   1.6403125e+01
   1.0000000e+02
   1.0000000e+02
   2.5028700e+00
   9.8399860e-01
   7.4687946e-03
   6.4020251e-03
   6.7600992e+01
   1.0000000e+02
   1.0000000e+02
   2.5028700e+00
   9.8520140e-01
   4.7454440e-03
   9.4664151e-03
   3.0986311e-03
   3.4488303e-03
   9.7011302e+01
   2.5028700e+00
   9.8497611e-01
   6.7757849e-03
   6.9590341e-03
   4.4564982e-03
   5.8001343e+01
   1.0000000e+02
   2.5028700e+00
   2.1982507e+01
   1.0000000e+02
   1.0000000e+02
   1.0000000e+02
   1.0000000e+02
   1.0000000e+02
   2.5028700e+00
   9.8508520e-01
   2.6803776e+01
   1.0000000e+02
   1.0000000e+02
   1.0000000e+02
   1.0000000e+02
   2.5028700e+00
   9.8514132e-01
   5.3158485e-03
   2.2802098e+01
   1.0000000e+02
   1.0000000e+02
   1.0000000e+02
   2.5028700e+00
   9.8474629e-01
   6.3924809e-03
   5.9247474e-03
   7.1633022e-03
   3.9102670e-03
   9.9066718e+01
   2.5028700e+00
   9.8518507e-01
   5.3566036e-03
   7.7367641e-03
   3.5427484e-03
   4.0601439e+01
   1.0000000e+02
   2.5028700e+00
   9.8437617e-01
   4.2865475e-03
   1.8802698e+01
   1.0000000e+02
   1.0000000e+02
   1.0000000e+02
   2.5028700e+00
   9.8432692e-01
   5.8765635e-03
   4.7533577e-03
   6.4400994e+01
   1.0000000e+02
   1.0000000e+02
   2.5028700e+00
   9.8487130e-01
   6.4300055e-03
   4.8559891e-03
   7.3517266e-03
   7.0235477e-03
   9.2052446e+01
   2.5028700e+00
   9.8407826e-01
   6.5347381e-03
   3.9444189e-03
   4.0949975e-03
   3.6205402e-03
   9.7751990e+01
   2.5028700e+00
   9.8419090e-01
   7.1000960e+01
   1.0000000e+02
   1.0000000e+02
   1.0000000e+02
   1.0000000e+02
   2.5028700e+00
   9.8392787e-01
   7.5686988e-03
   6.1499827e-03
   4.2676122e-03
   3.2779749e-03
   9.7233501e+01
   2.5028700e+00
   9.8394129e-01
   5.9860365e-03
   5.2172529e-03
   4.5457327e-03
   1.4802034e+01
   1.0000000e+02
   2.5028700e+00
   9.8519325e-01
   5.5306271e-03
   8.6015246e-03
   4.9841923e-03
   5.7887460e-03
   9.5655843e+01
   2.5028700e+00
   9.8468512e-01
   6.9163091e-03
   5.5457686e-03
   4.4558705e-03
   3.1302941e-03
   9.9218563e+01
   2.5028700e+00
   9.8392777e-01
   6.1197202e-03
   7.8031529e-03
   4.1417049e-03
   2.2809057e-03
   9.9433365e+01
   2.5028700e+00
   2.1982507e+01
   1.0000000e+02
   1.0000000e+02
   1.0000000e+02
   1.0000000e+02
   1.0000000e+02
   2.5028700e+00
   9.8410462e-01
   8.4600294e+01
   1.0000000e+02
   1.0000000e+02
   1.0000000e+02
   1.0000000e+02
   2.5028700e+00
   9.8391875e-01
   6.1370979e-03
   4.9659085e-03
   2.1203045e+01
   1.0000000e+02
   1.0000000e+02
   2.5028700e+00
   9.8396449e-01
   4.8349635e-03
   9.7800038e+01
   1.0000000e+02
   1.0000000e+02
   1.0000000e+02
   2.5028700e+00
   9.8387086e-01
   6.0043858e+00
   1.0000000e+02
   1.0000000e+02
   1.0000000e+02
   1.0000000e+02
   2.5028700e+00
   9.8387240e-01
   5.7892344e-03
   4.6819701e-03
   5.9801113e+01
   1.0000000e+02
   1.0000000e+02
   2.5028700e+00
   9.8495893e-01
   6.2339136e-03
   9.9850868e-03
   3.5256676e-03
   3.9825288e-03
   9.7092772e+01
   2.5028700e+00
   9.8393642e-01
   3.4041136e+00
   1.0000000e+02
   1.0000000e+02
   1.0000000e+02
   1.0000000e+02
