   4.0315200e+00
   4.0315200e+00
   1.2191228e+00
   1.2870360e-01
   6.2164060e-02
   1.1937431e-02
   7.2671720e+01
   3.8542300e+00
   3.8542300e+00
   8.6021339e-01
   1.7275517e-01
   9.0828033e-03
   8.2941959e+01
   1.0000000e+02
   3.8542300e+00
   3.8542300e+00
   1.7725861e+00
   2.4165098e+00
   2.5713200e+00
   2.3498313e+00
   1.0650946e+00
   3.8542300e+00
   3.8542300e+00
   1.2589695e+00
   6.0899472e-01
   5.0936800e-01
   2.8191152e-01
   5.3659636e-02
   3.8542300e+00
   3.8542300e+00
   8.6021339e-01
   1.7275517e-01
   9.1161709e-03
   8.0425340e+01
   1.0000000e+02
   3.8542300e+00
   3.8542300e+00
   9.0103540e-01
   1.2544639e-01
   6.0838178e-02
   1.1316246e-02
   9.2051448e+01
   3.8542300e+00
   3.8542300e+00
   9.0082279e-01
   2.1377476e-01
   2.0606497e-01
   9.1397541e-02
   1.4238321e-02
   3.8542300e+00
   3.8542300e+00
   9.0247683e-01
   6.2048591e-02
   2.9574278e-02
   5.0762120e+01
   1.0000000e+02
   3.8542300e+00
   3.8542300e+00
   9.0364487e-01
   8.0658202e-02
   5.8429278e-02
   2.2725374e+01
   1.0000000e+02
   3.8542300e+00
   3.8542300e+00
   9.1272635e-01
   6.8332092e-02
   4.6529198e-02
   1.0760224e+01
   1.0000000e+02
   4.2169700e+00
   4.2169700e+00
   1.5913819e+00
   3.3419452e-01
   7.2480279e-02
   1.8520338e+01
   1.0000000e+02
   4.4109400e+00
   4.4109400e+00
   2.1083728e+00
   2.2158704e-01
   2.0833574e-02
   7.0823131e-03
   3.7516200e-02
   3.8542300e+00
   3.8542300e+00
   8.4618303e-01
   1.1274907e-01
   7.4752486e-02
   1.6727078e-02
   7.5287912e+01
   3.8542300e+00
   1.5143678e+00
   2.5439927e-01
   3.1182002e-02
   1.5139210e-02
   1.1316639e-02
   3.4348361e+01
   3.8542300e+00
   3.8542300e+00
   3.5076523e-01
   1.8694031e-02
   7.0966939e-03
   3.3853321e-03
   9.2026123e+01
   3.8542300e+00
   3.8542300e+00
   2.7286294e-01
   8.8244274e-03
   4.2057739e-03
   2.6962573e-03
   9.4975727e+01
   4.4109400e+00
   4.4109400e+00
   1.2060749e+00
   1.6945324e-02
   4.6570577e-03
   1.8951477e+01
   1.0000000e+02
   3.8542300e+00
   7.8079770e-01
   7.3176696e-02
   1.7694796e-02
   8.9332910e-03
   4.9262868e-03
   7.6728421e+01
   4.0315200e+00
   4.0315200e+00
   1.3027869e+00
   2.3181718e-01
   1.6403528e-01
   4.9173408e-02
   6.6356331e+01
   3.8542300e+00
   3.8542300e+00
   7.7388331e-01
   2.6493971e-01
   1.5836483e-01
   2.0216768e+01
   1.0000000e+02
   3.8542300e+00
   3.8542300e+00
   8.6021339e-01
   1.7018187e-01
   8.0300129e-03
   8.4158584e+01
   1.0000000e+02
   3.8542300e+00
   3.8542300e+00
   8.6021339e-01
   1.7018187e-01
   8.0300129e-03
   8.4158584e+01
   1.0000000e+02
   3.8542300e+00
   3.8542300e+00
   8.6021339e-01
   1.7018187e-01
   8.0282883e-03
   8.4116919e+01
   1.0000000e+02
   3.8542300e+00
   3.8542300e+00
   1.0430299e+00
   2.9785945e-01
   8.0972437e-02
   2.4520418e+01
   1.0000000e+02
   3.8542300e+00
   3.8542300e+00
   9.4824964e-01
   1.0746957e-01
   3.1421803e-02
   3.9162346e+01
   1.0000000e+02
