   4.0315200e+00
   4.0315200e+00
   4.1423657e-01
   3.0097532e-02
   5.7696457e-03
   2.0854797e-03
   9.9994875e+01
   4.0315200e+00
   4.0315200e+00
   5.1814796e-01
   3.5922875e-02
   6.0921059e-03
   1.9733139e-03
   9.9994703e+01
   3.8542300e+00
   3.8542300e+00
   4.4797059e-01
   2.9120976e-02
   5.7609010e-03
   1.8345792e-03
   9.9995118e+01
   4.0315200e+00
   4.0315200e+00
   5.2717553e-01
   3.1703514e-02
   6.0287319e-03
   2.0745724e-03
   9.9995060e+01
   4.0315200e+00
   4.0315200e+00
   5.0241327e-01
   3.1312275e-02
   5.8205755e-03
   2.9146377e-03
   9.9994970e+01
   4.0315200e+00
   4.0315200e+00
   4.4201493e-01
   2.5921371e-02
   5.8452414e-03
   2.3061433e-03
   9.9995002e+01
   4.0315200e+00
   4.0315200e+00
   4.8765908e-01
   3.7788939e-02
   6.4233634e-03
   2.3687244e-03
   9.9994863e+01
   4.0315200e+00
   4.0315200e+00
   4.0977264e-01
   2.9299647e-02
   6.8445677e-03
   2.4133476e-03
   9.9994089e+01
   5.0480700e+00
   5.0480700e+00
   4.6234951e-01
   3.6690027e-02
   6.9109293e-03
   2.7808120e-03
   9.9992809e+01
   4.0315200e+00
   4.0315200e+00
   3.1371272e-01
   3.9551189e-02
   7.0998403e-03
   2.4206241e-03
   9.9994333e+01
   4.0315200e+00
   4.0315200e+00
   4.7156706e-01
   3.0028249e-02
   5.8750899e-03
   1.9762613e-03
   9.9994427e+01
   4.0315200e+00
   4.0315200e+00
   4.0909999e-01
   2.7362800e-02
   6.1035737e-03
   2.2336856e-03
   9.9993698e+01
   4.0315200e+00
   4.0315200e+00
   4.6722695e-01
   3.0302195e-02
   6.5062096e-03
   2.7090308e-03
   9.9992717e+01
   4.0315200e+00
   4.0315200e+00
   4.2885975e-01
   2.7526855e-02
   6.0924749e-03
   2.0403887e-03
   9.9993701e+01
   4.0315200e+00
   4.0315200e+00
   4.8993982e-01
   3.0660175e-02
   5.9139465e-03
   2.2515905e-03
   9.9992945e+01
   4.0315200e+00
   4.0315200e+00
   4.2184417e-01
   2.7593344e-02
   5.8846311e-03
   2.0934400e-03
   9.9992893e+01
   4.0315200e+00
   4.0315200e+00
   4.3933460e-01
   2.5451745e-02
   6.5069371e-03
   2.5532881e-03
   9.9993640e+01
   4.0315200e+00
   4.0315200e+00
   3.5591441e-01
   3.6155978e-02
   5.9010914e-03
   2.8275202e-03
   9.9992044e+01
   4.0315200e+00
   4.0315200e+00
   4.6980609e-01
   2.9739725e-02
   6.4219822e-03
   2.4423176e-03
   9.9992256e+01
   4.0315200e+00
   4.0315200e+00
   4.1368255e-01
   3.3780068e-02
   6.2680036e-03
   3.1084668e-03
   9.9990749e+01
   4.0315200e+00
   4.0315200e+00
   4.1460640e-01
   4.1411005e-02
   7.7266767e-03
   3.1931153e-03
   9.9986465e+01
   4.0315200e+00
   4.0315200e+00
   4.4669884e-01
   3.5948209e-02
   6.7507029e-03
   2.6977438e-03
   9.9992246e+01
   4.0315200e+00
   4.0315200e+00
   5.0865715e-01
   3.6810479e-02
   6.5904145e-03
   2.4446470e-03
   9.9991237e+01
   4.0315200e+00
   4.0315200e+00
   4.9424462e-01
   3.6645837e-02
   5.6385244e-03
   3.1707058e-03
   9.9991626e+01
   4.0315200e+00
   4.0315200e+00
   4.8289133e-01
   3.3734998e-02
   7.1865409e-03
   3.5024916e-03
   9.9988113e+01
   4.0315200e+00
   4.0315200e+00
   4.6238277e-01
   2.8556322e-02
   6.9707553e-03
   3.6270611e-03
   9.9990048e+01
   4.0315200e+00
   4.0315200e+00
   3.6298840e-01
   3.4457314e-02
   5.3059105e-03
   2.6274352e-03
   9.9981567e+01
   4.0315200e+00
   4.0315200e+00
   3.7179320e-01
   3.1037042e-02
   6.9417696e-03
   3.7752816e-03
   9.9985057e+01
   4.0315200e+00
   4.0315200e+00
   4.8719747e-01
   2.5827970e-02
   6.8579234e-03
   3.6405754e-03
   9.9986718e+01
   4.0315200e+00
   4.0315200e+00
   4.9814000e-01
   2.9595914e-02
   5.9155967e-03
   2.3404245e-03
   9.9983230e+01
