   6.9977343e+01
   4.7565754e+01
   1.9225430e+01
   1.1715563e+01
   8.2564879e+00
   6.2402879e+00
   4.8920179e+00
   4.1473901e+00
   3.4605025e+00
   3.0094203e+00
   2.6190405e+00
   2.3500272e+00
   1.9891568e+00
   1.9111849e+00
   1.5581266e+00
   1.4682524e+00
   1.4641938e+00
   1.2298794e+00
   1.1733307e+00
   9.9733550e-01
   9.6886250e-01
   9.2345300e-01
   9.0419630e-01
   8.0165680e-01
   7.6756880e-01
   6.7799950e-01
   6.8431620e-01
   5.9044470e-01
   6.3393260e-01
   4.7597330e-01
   4.9721330e-01
   5.9950850e-01
   3.7004700e-01
   4.1554820e-01
   3.8399350e-01
   4.6147740e-01
   2.9762820e-01
   3.0046700e-01
   2.9860530e-01
   4.2970930e-01
   1.8199730e-01
   2.7470910e-01
   1.4681100e-01
   3.2832910e-01
   5.5990102e-02
   2.0888350e-01
   1.2668455e-01
   4.4485602e-02
   1.9985000e-01
   1.4055490e-01
   1.6414450e-01
   9.9264602e-02
   1.7662650e-01
   6.7007302e-02
   1.2746270e-01
   7.9153502e-02
   7.0041054e+01
   4.5924326e+01
   2.0284433e+01
   1.3017158e+01
   9.3719327e+00
   7.0924807e+00
   5.7971277e+00
   4.7221480e+00
   3.9608240e+00
   3.2906608e+00
   2.9142265e+00
   2.5680971e+00
   2.3074453e+00
   2.1544915e+00
   1.9396478e+00
   1.7137263e+00
   1.5859797e+00
   1.3696402e+00
   1.3542905e+00
   1.1425283e+00
   1.1243100e+00
   1.0478327e+00
   1.0354116e+00
   9.7944229e-01
   8.3607139e-01
   8.7485869e-01
   6.5870279e-01
   6.4881529e-01
   6.6382989e-01
   4.9003189e-01
   5.6800469e-01
   5.2921699e-01
   5.0287999e-01
   5.6159629e-01
   4.8273829e-01
   4.4987109e-01
   3.5438159e-01
   4.3098059e-01
   3.4669129e-01
   4.1343289e-01
   3.3997729e-01
   3.0042669e-01
   3.5599879e-01
   3.5474819e-01
   3.3573469e-01
   3.5389289e-01
   6.4068320e-02
   7.4718690e-02
   1.4027019e-01
   1.4658759e-01
   1.9425589e-01
   1.1948819e-01
   2.1503839e-01
   1.4289509e-01
   2.8270890e-02
   2.3682779e-01
   7.0331924e+01
   3.4545609e+01
   1.5444072e+01
   1.0060253e+01
   7.1105453e+00
   5.7141853e+00
   4.5839695e+00
   3.8088483e+00
   3.2475712e+00
   2.9134022e+00
   2.4548763e+00
   2.1197322e+00
   1.8440667e+00
   1.6721616e+00
   1.5290638e+00
   1.3436095e+00
   1.1848259e+00
   1.2753716e+00
   1.0136222e+00
   1.0672723e+00
   9.7962602e-01
   7.9337732e-01
   7.7479232e-01
   6.8009612e-01
   6.5620092e-01
   6.7551892e-01
   7.2309522e-01
   4.4517202e-01
   5.3477142e-01
   4.4919992e-01
   4.9833342e-01
   5.0254462e-01
   3.7580482e-01
   3.4089322e-01
   3.3948962e-01
   3.6390322e-01
   3.3576592e-01
   2.7457852e-01
   3.4788172e-01
   3.4202202e-01
   2.4934062e-01
   2.0332022e-01
   2.8617502e-01
   2.6954272e-01
   9.0221924e-02
   2.0139702e-01
   8.8940024e-02
   1.7979082e-01
   1.2583632e-01
   7.2429724e-02
   1.9147912e-01
   1.9334042e-01
   2.7582982e-01
   1.5050922e-01
   2.5188624e-02
   9.9376824e-02
   6.9473721e+01
   3.0675255e+01
   1.3659412e+01
   8.8556116e+00
   6.4340076e+00
   5.2163913e+00
   4.0934661e+00
   3.4201893e+00
   2.9743553e+00
   2.5738735e+00
   2.3190517e+00
   2.0638943e+00
   1.8334563e+00
   1.5862022e+00
   1.4334616e+00
   1.3559475e+00
   1.1282255e+00
   1.1130886e+00
   1.0121669e+00
   9.7478225e-01
   9.2488675e-01
   7.7297035e-01
   7.3464005e-01
   6.7095015e-01
   5.1216685e-01
   6.0173595e-01
   6.1992465e-01
   5.3310175e-01
   5.1085475e-01
   4.7829255e-01
   5.0496465e-01
   4.7493595e-01
   3.1371145e-01
   2.9317235e-01
   3.1780045e-01
   2.8230845e-01
   2.7635745e-01
   2.4321555e-01
   2.7062035e-01
   2.5487315e-01
   2.5456780e-01
   2.7058975e-01
   1.5242565e-01
   1.8810055e-01
   2.5380525e-01
   2.7406865e-01
   1.9917865e-01
   1.8007435e-01
   1.8236395e-01
   1.1095215e-01
   1.6734895e-01
   2.0274905e-01
   1.5666785e-01
   1.7473465e-01
   1.0082015e-01
   5.6661747e-02
   6.9330752e+01
   2.6040219e+01
   1.1376281e+01
   7.3730695e+00
   5.3478014e+00
   4.3394142e+00
   3.4555631e+00
   2.8860147e+00
   2.5318566e+00
   2.2567719e+00
   2.0859338e+00
   1.7225008e+00
   1.4815331e+00
   1.3858305e+00
   1.1169705e+00
   1.2604639e+00
   9.4643884e-01
   9.8580624e-01
   8.7139594e-01
   9.7219534e-01
   7.9714614e-01
   5.2456324e-01
   4.7851234e-01
   4.1860604e-01
   4.8864384e-01
   3.8818074e-01
   5.2965974e-01
   5.0204164e-01
   3.6901574e-01
   5.6771504e-01
   3.1295424e-01
   2.2588794e-01
   1.7092564e-01
   3.1893564e-01
   2.5970144e-01
   1.7251224e-01
   3.2519124e-01
   1.7828014e-01
   3.2503874e-01
   1.0528194e-01
   7.3205133e-03
   4.0066537e-02
   1.1678784e-01
   2.5457484e-01
   2.4917284e-01
   1.7626554e-01
   1.9497337e-02
   2.0251144e-01
   1.9521704e-01
   1.2099864e-01
   1.8644359e-01
   2.5188854e-01
   5.4378937e-02
   9.3502937e-02
   7.8365337e-02
   3.0789137e-02
   7.0440901e+01
   2.9388749e+01
   1.2583171e+01
   8.1805856e+00
   5.9508186e+00
   4.7489714e+00
   3.7809876e+00
   3.1851023e+00
   2.7368290e+00
   2.4072706e+00
   2.0663882e+00
   1.8660405e+00
   1.6945937e+00
   1.4448068e+00
   1.3671400e+00
   1.3027172e+00
   1.1414927e+00
   1.0180185e+00
   9.1694481e-01
   9.5234481e-01
   7.8199551e-01
   7.1976971e-01
   6.0160611e-01
   5.7304191e-01
   5.9837121e-01
   6.2272441e-01
   5.9107791e-01
   5.3526151e-01
   4.5988281e-01
   4.6357531e-01
   4.0263201e-01
   3.1626691e-01
   3.1632731e-01
   3.0650141e-01
   2.8413211e-01
   2.9542321e-01
   3.4260331e-01
   2.4879211e-01
   2.5047131e-01
   1.8803211e-01
   2.9710181e-01
   1.1546111e-01
   2.5712311e-01
   2.8593251e-01
   3.0012261e-01
   2.5214911e-01
   1.7497021e-01
   2.3109231e-01
   2.9435511e-01
   1.0929721e-01
   1.8186751e-01
   1.3615251e-01
   1.1155501e-01
   1.4091291e-01
   6.7976115e-02
   1.3157481e-01
   6.9456150e+01
   2.8397247e+01
   1.2399781e+01
   7.9802292e+00
   5.7220801e+00
   4.4402509e+00
   3.5667166e+00
   2.9645122e+00
   2.5102892e+00
   2.1391035e+00
   1.9739730e+00
   1.7397195e+00
   1.4759568e+00
   1.2977342e+00
   1.2321210e+00
   1.0545391e+00
   1.0180402e+00
   9.8706501e-01
   7.6813151e-01
   7.9813081e-01
   7.6230291e-01
   5.9305231e-01
   5.5508841e-01
   5.2887391e-01
   5.5737771e-01
   5.5695001e-01
   4.6667951e-01
   3.8156581e-01
   4.3179751e-01
   3.2706141e-01
   3.3688731e-01
   3.1387781e-01
   2.2327131e-01
   2.3404361e-01
   2.1204071e-01
   2.8348241e-01
   2.4704391e-01
   1.8280501e-01
   1.4844191e-01
   1.4874721e-01
   2.2601781e-01
   1.3544171e-01
   2.4820371e-01
   1.7007841e-01
   2.0630281e-01
   2.0203071e-01
   1.4920511e-01
   3.7297007e-02
   1.0745651e-01
   1.1682581e-01
   1.6876641e-01
   1.1768021e-01
   6.6594007e-02
   8.8840907e-02
   1.5433171e-01
   1.3843231e-01
   6.8363785e+01
   3.9869856e+01
   1.7757613e+01
   1.1546646e+01
   8.3783978e+00
   6.3685128e+00
   5.2422583e+00
   4.2589249e+00
   3.5569619e+00
   2.9413309e+00
   2.6237948e+00
   2.2945097e+00
   2.0684356e+00
   1.7777253e+00
   1.7169034e+00
   1.5011143e+00
   1.3307954e+00
   1.1988984e+00
   1.1200409e+00
   9.9272139e-01
   9.7773769e-01
   8.9088449e-01
   7.9542519e-01
   7.5300579e-01
   6.7308029e-01
   7.5602719e-01
   6.0270669e-01
   5.1716649e-01
   5.9690869e-01
   3.9851339e-01
   4.7227469e-01
   5.3367619e-01
   4.0733389e-01
   3.7202409e-01
   3.3473179e-01
   3.6705029e-01
   3.8169859e-01
   2.7845779e-01
   1.6847259e-01
   2.5761399e-01
   3.4764149e-01
   2.3384079e-01
   3.0790719e-01
   2.6277189e-01
   1.9178739e-01
   1.8513499e-01
   2.0896889e-01
   1.1274709e-01
   1.0710119e-01
   1.8205229e-01
   2.5501999e-01
   6.3583385e-02
   1.8556209e-01
   1.0670449e-01
   1.2055939e-01
   2.0094299e-01
   6.8739241e+01
   4.1473824e+01
   1.8366718e+01
   1.1888588e+01
   8.5719681e+00
   6.5105991e+00
   5.3018261e+00
   4.3912777e+00
   3.7185169e+00
   3.1622112e+00
   2.7311817e+00
   2.3692735e+00
   2.2042037e+00
   1.9028425e+00
   1.7934366e+00
   1.6199136e+00
   1.4315900e+00
   1.2449751e+00
   1.2328592e+00
   1.0950123e+00
   9.1611771e-01
   9.2841631e-01
   8.8889611e-01
   7.4769131e-01
   7.2816031e-01
   7.1073431e-01
   7.2236161e-01
   5.9815481e-01
   5.4828941e-01
   5.4569541e-01
   4.7941121e-01
   3.9792941e-01
   4.1608751e-01
   3.5129861e-01
   4.1770451e-01
   2.8794361e-01
   2.8840221e-01
   3.7577371e-01
   2.8303031e-01
   2.7866631e-01
   2.6563521e-01
   2.6304161e-01
   2.6868791e-01
   2.2394881e-01
   3.1254101e-01
   1.3489821e-01
   1.0728021e-01
   2.4821001e-01
   2.2049991e-01
   1.3907941e-01
   1.2913031e-01
   1.8769351e-01
   1.5485741e-01
   1.3007641e-01
   1.2235531e-01
   1.3047301e-01
   6.8924720e+01
   4.4704774e+01
   1.8194126e+01
   1.1357454e+01
   7.9495827e+00
   6.0439217e+00
   4.8049097e+00
   3.9037212e+00
   3.3195513e+00
   2.8966090e+00
   2.3901091e+00
   2.1137718e+00
   1.9077175e+00
   1.7549163e+00
   1.5145899e+00
   1.3722252e+00
   1.2090780e+00
   1.1994347e+00
   1.0227994e+00
   9.7821334e-01
   9.1699504e-01
   8.3923644e-01
   7.3007494e-01
   7.3230234e-01
   6.6754434e-01
   6.2182864e-01
   5.7361084e-01
   5.3790544e-01
   5.2228014e-01
   4.9353254e-01
   4.6151974e-01
   3.6676254e-01
   4.2236634e-01
   4.0362834e-01
   3.9782964e-01
   2.9065194e-01
   3.1473034e-01
   3.1186134e-01
   3.2654084e-01
   2.7093774e-01
   1.9088994e-01
   2.3578164e-01
   1.7837744e-01
   2.1441904e-01
   1.6424754e-01
   1.9894654e-01
   2.1771484e-01
   1.7441004e-01
   1.3308934e-01
   1.8973054e-01
   1.3778944e-01
   1.7822554e-01
   1.3998644e-01
   1.0818754e-01
   1.5002704e-01
   1.3376084e-01
   6.8158610e+01
   5.0635077e+01
   2.2180763e+01
   1.4050756e+01
   9.7542821e+00
   7.4774211e+00
   5.8454691e+00
   4.7840041e+00
   3.9846277e+00
   3.3575823e+00
   2.9498067e+00
   2.5136186e+00
   2.2177813e+00
   1.9101643e+00
   1.7858967e+00
   1.5568012e+00
   1.3764122e+00
   1.2601096e+00
   1.1855853e+00
   1.0391925e+00
   9.5462841e-01
   8.7790721e-01
   8.1479721e-01
   7.4454521e-01
   6.7911561e-01
   6.1188531e-01
   5.2286561e-01
   5.1081101e-01
   5.7395171e-01
   4.1983811e-01
   2.7759591e-01
   3.2453201e-01
   5.8237511e-01
   5.2036331e-01
   4.2411071e-01
   3.4427651e-01
   3.3142841e-01
   3.5541601e-01
   2.8827741e-01
   2.8485891e-01
   2.4182971e-01
   2.2742481e-01
   2.2837071e-01
   1.6492541e-01
   1.3715371e-01
   1.9043761e-01
   1.9370321e-01
   2.0954211e-01
   2.0932831e-01
   1.4896431e-01
   1.7600251e-01
   1.1899611e-01
   1.6715291e-01
   1.3629981e-01
   1.5296221e-01
   1.2140651e-01
   6.9454449e+01
   1.6977336e+01
   6.8179136e+00
   4.3315536e+00
   3.1054792e+00
   2.3406781e+00
   1.8744917e+00
   1.5247600e+00
   1.3321640e+00
   1.1500346e+00
   1.0211291e+00
   9.2737834e-01
   7.7146444e-01
   6.9773404e-01
   5.2530974e-01
   4.9903374e-01
   5.3681444e-01
   4.2063424e-01
   4.2911824e-01
   3.5941644e-01
   3.9710474e-01
   2.9230834e-01
   3.2221474e-01
   3.4470654e-01
   2.3011264e-01
   2.4601224e-01
   2.5440504e-01
   2.6157674e-01
   1.9025714e-01
   1.9236294e-01
   2.0334924e-01
   1.0428964e-01
   2.4372324e-01
   1.8793774e-01
   8.5642543e-02
   2.1824194e-01
   9.4034543e-02
   1.0273314e-01
   5.2591643e-02
   1.2784864e-01
   1.8076574e-01
   5.9061943e-02
   1.0761504e-01
   1.0142024e-01
   1.0206104e-01
   1.4573124e-01
   1.1225394e-01
   8.8175543e-02
   1.2476624e-01
   1.3981134e-01
   9.6446143e-02
   5.3080943e-02
   1.4408354e-01
   7.8837043e-02
   1.4423644e-01
   4.2528429e-03
   7.0186966e+01
   8.9759728e+00
   3.1174470e+00
   2.0137785e+00
   1.3778232e+00
   1.1178435e+00
   9.3235793e-01
   7.7986163e-01
   6.3356043e-01
   5.0322003e-01
   3.9533933e-01
   3.1489533e-01
   3.2090743e-01
   3.3299293e-01
   3.0494713e-01
   3.0015593e-01
   2.1101363e-01
   2.4882493e-01
   1.2446653e-01
   1.9892803e-01
   1.9526663e-01
   1.9178723e-01
   1.8428063e-01
   1.1360153e-01
   1.7237853e-01
   1.5403773e-01
   8.2595827e-02
   1.2138423e-01
   1.1421183e-01
   2.5833527e-02
   3.7826627e-02
   6.6024427e-02
   1.0258443e-01
   1.2638843e-01
   1.0072343e-01
   7.5058427e-02
   2.9739127e-02
   1.9210827e-02
   4.2373927e-02
   5.6014827e-02
   1.1354083e-01
   6.2835727e-02
   1.2130627e-02
   9.4009527e-02
   6.0318227e-02
   3.9032027e-02
   1.7745827e-02
   1.2588527e-02
   2.9446273e-03
   2.7328527e-02
   4.1640627e-02
   2.1071827e-02
   1.5610227e-02
   6.0531727e-02
   4.4952427e-02
   2.9373127e-02
   6.9301310e+01
   1.1902933e+01
   4.2215674e+00
   2.6908663e+00
   1.8787938e+00
   1.5280248e+00
   1.2051182e+00
   9.8264509e-01
   8.7833579e-01
   6.5299429e-01
   5.5426959e-01
   4.9619449e-01
   4.7358169e-01
   4.1315629e-01
   4.1098959e-01
   3.9875209e-01
   2.7546159e-01
   3.3411649e-01
   2.3090549e-01
   2.8849179e-01
   2.0566709e-01
   2.4946049e-01
   2.2464959e-01
   1.2388069e-01
   1.9486419e-01
   1.5867039e-01
   1.0083969e-01
   1.0205989e-01
   1.3047239e-01
   1.1448059e-01
   9.0890695e-02
   1.9596249e-01
   2.5461295e-02
   3.1747595e-02
   1.3672779e-01
   1.0389129e-01
   9.1378795e-02
   1.4386949e-01
   1.0740079e-01
   1.8991495e-02
   1.3489779e-01
   9.1318195e-02
   4.7738595e-02
   5.9274595e-02
   3.7301795e-02
   5.4849195e-02
   2.3385995e-02
   1.4777519e-01
   2.8848095e-02
   1.7526295e-02
   2.0059595e-02
   3.4829995e-02
   4.9600395e-02
   4.9600395e-02
   8.9166395e-02
   1.2873239e-01
   6.9197142e+01
   1.3087853e+01
   4.7837412e+00
   2.9946173e+00
   2.0266308e+00
   1.5698743e+00
   1.2632945e+00
   1.0125927e+00
   8.2268164e-01
   7.5224684e-01
   6.3130634e-01
   5.5446284e-01
   5.3273414e-01
   3.8679884e-01
   3.8286184e-01
   3.1499134e-01
   3.5127664e-01
   2.7385324e-01
   2.3161724e-01
   2.0454824e-01
   2.5410884e-01
   2.5780134e-01
   2.8459604e-01
   1.1455204e-01
   1.9368384e-01
   9.4746240e-02
   1.4766324e-01
   1.2947444e-01
   1.0783804e-01
   9.1144940e-02
   7.6130740e-02
   8.0952040e-02
   7.3017140e-02
   6.4045440e-02
   1.0576294e-01
   9.5814240e-02
   5.6385740e-02
   1.0463394e-01
   4.2286340e-02
   8.5254840e-02
   1.3386040e-02
   7.6404440e-02
   8.6049040e-02
   5.3730640e-02
   8.1043940e-02
   3.8044840e-02
   8.9466240e-02
   5.4401340e-02
   5.7697940e-02
   5.7117940e-02
   3.7235540e-02
   1.7353140e-02
   3.2352890e-02
   4.7352640e-02
   4.7352640e-02
   4.7352640e-02
   6.9240268e+01
   9.0441899e+00
   3.0552062e+00
   1.9584658e+00
   1.3121647e+00
   1.0985116e+00
   8.5308906e-01
   7.4368336e-01
   5.9408616e-01
   5.3469936e-01
   4.8794546e-01
   4.1717586e-01
   3.8024886e-01
   3.3822726e-01
   2.7853436e-01
   2.1164006e-01
   3.0618326e-01
   2.1231156e-01
   1.9073546e-01
   2.3529106e-01
   1.1541816e-01
   1.9314556e-01
   1.1166456e-01
   1.8457066e-01
   9.0393656e-02
   2.2314536e-01
   6.8451156e-02
   1.0803176e-01
   6.4361956e-02
   1.7425556e-01
   1.6555856e-01
   5.4901556e-02
   1.6204886e-01
   1.4914036e-01
   2.4384556e-02
   2.5085656e-02
   1.1911116e-01
   1.3174486e-01
   6.2530656e-02
   1.0394316e-01
   2.9144756e-02
   9.0027556e-02
   6.5551856e-02
   5.7495456e-02
   7.5165156e-02
   5.7068856e-02
   6.9031256e-02
   1.0150196e-01
   1.0150196e-01
   9.1095606e-02
   8.0689256e-02
   1.1251866e-01
   8.1116256e-02
   8.1116256e-02
   7.7988306e-02
   7.4860356e-02
   6.9376720e+01
   2.6159252e+01
   9.2402753e+00
   5.3569433e+00
   3.5952544e+00
   2.6727085e+00
   2.0214632e+00
   1.6416717e+00
   1.3956998e+00
   1.0723663e+00
   9.2856729e-01
   7.8846159e-01
   7.5663189e-01
   5.7380109e-01
   6.4576109e-01
   4.7025439e-01
   4.3332799e-01
   3.7696189e-01
   4.7174929e-01
   3.1223479e-01
   4.0836459e-01
   3.1562219e-01
   3.3365799e-01
   1.9886159e-01
   2.6792319e-01
   1.8167999e-01
   2.6133129e-01
   1.7807979e-01
   1.8393899e-01
   1.4023809e-01
   1.6901549e-01
   1.3086889e-01
   1.7203659e-01
   1.4017689e-01
   1.3770429e-01
   9.2782989e-02
   1.2433799e-01
   1.5726629e-01
   1.1350399e-01
   1.3581269e-01
   1.1994329e-01
   1.1448039e-01
   1.7164019e-01
   6.4401389e-02
   9.4919089e-02
   5.6863489e-02
   1.4145819e-01
   7.1664089e-02
   1.8654989e-02
   4.0963189e-02
   1.0315839e-01
   7.4807889e-02
   7.1634389e-02
   5.3414589e-02
   1.8502989e-02
   9.0921389e-02
   6.7994301e+01
   4.5441808e+01
   1.7242003e+01
   1.0086213e+01
   6.7914190e+00
   4.9985980e+00
   3.8555386e+00
   3.1163979e+00
   2.4809609e+00
   2.1817664e+00
   1.8125347e+00
   1.5647621e+00
   1.4083904e+00
   1.1885415e+00
   1.1214641e+00
   9.6680101e-01
   8.7128021e-01
   7.8055151e-01
   7.3233361e-01
   6.6388311e-01
   5.7333761e-01
   5.7388701e-01
   4.8602671e-01
   4.2703591e-01
   4.3759541e-01
   3.1228981e-01
   4.0484941e-01
   2.7203761e-01
   2.4512091e-01
   3.3929831e-01
   3.9438201e-01
   2.3062511e-01
   3.0127281e-01
   3.1503621e-01
   1.7224461e-01
   2.5424581e-01
   1.0608281e-01
   1.8051491e-01
   9.8392209e-02
   2.3077741e-01
   1.3254121e-01
   1.8725941e-01
   1.8658801e-01
   9.3417909e-02
   1.1838101e-01
   4.3338409e-02
   1.0226731e-01
   1.3296861e-01
   8.6918009e-02
   8.8657509e-02
   7.5320809e-02
   7.3642509e-02
   4.8557109e-02
   6.7691809e-02
   2.6096609e-02
   4.9869209e-02
   6.9243465e+01
   2.3042623e+01
   8.4913806e+00
   5.0900156e+00
   3.4445387e+00
   2.6533385e+00
   2.0544926e+00
   1.7225828e+00
   1.4440798e+00
   1.1707035e+00
   1.0451847e+00
   8.9335962e-01
   7.5172752e-01
   7.8694482e-01
   5.8717672e-01
   6.0008592e-01
   6.0216092e-01
   4.3535132e-01
   3.9290192e-01
   3.4785792e-01
   4.5442542e-01
   4.0254552e-01
   3.7489692e-01
   2.4724152e-01
   3.5667802e-01
   3.0629332e-01
   1.9130272e-01
   2.4034462e-01
   2.5474862e-01
   1.8535242e-01
   1.6603402e-01
   1.7048972e-01
   1.8181142e-01
   1.5553612e-01
   1.1650412e-01
   1.5092812e-01
   1.2904682e-01
   1.0124552e-01
   8.1134118e-02
   1.2163072e-01
   8.2691118e-02
   9.2884018e-02
   1.0383932e-01
   1.8664518e-02
   2.3699918e-02
   1.1796862e-01
   1.5704218e-02
   6.7767218e-02
   5.5468518e-02
   4.8297318e-02
   4.1644418e-02
   6.4349718e-02
   6.6241318e-02
   5.2661318e-02
   7.2620018e-02
   5.6507018e-02
   6.8116301e+01
   4.5352110e+01
   1.8202754e+01
   1.0884521e+01
   7.4493376e+00
   5.5183066e+00
   4.3245554e+00
   3.5172412e+00
   2.8519877e+00
   2.4615157e+00
   2.0854778e+00
   1.8041058e+00
   1.5819684e+00
   1.4207444e+00
   1.3349899e+00
   1.1990344e+00
   1.0240769e+00
   9.7988706e-01
   8.5250676e-01
   8.2617026e-01
   7.2488216e-01
   7.0141456e-01
   6.4266796e-01
   5.9170366e-01
   5.8465416e-01
   5.8297586e-01
   4.8281686e-01
   4.9288776e-01
   4.6313296e-01
   4.0731666e-01
   3.9089776e-01
   3.4676916e-01
   3.3642366e-01
   3.1905926e-01
   2.7737256e-01
   3.1637416e-01
   2.6351736e-01
   2.1948066e-01
   2.2311226e-01
   2.1224756e-01
   1.6848596e-01
   1.7639016e-01
   1.5960536e-01
   1.4437706e-01
   1.7953336e-01
   8.2823458e-02
   1.4843586e-01
   1.0095056e-01
   8.4532058e-02
   1.0726696e-01
   9.4236458e-02
   7.3973158e-02
   1.0607746e-01
   6.3047958e-02
   4.7819658e-02
   3.4605258e-02
   6.8449868e+01
   3.2937266e+01
   1.3073892e+01
   7.8826979e+00
   5.3906039e+00
   4.1010571e+00
   3.1959316e+00
   2.6404822e+00
   2.1790568e+00
   1.7591042e+00
   1.5597333e+00
   1.2778423e+00
   1.1425578e+00
   1.1701155e+00
   9.5008344e-01
   9.9607344e-01
   8.2670054e-01
   7.1073424e-01
   5.6244944e-01
   6.3016784e-01
   5.5161504e-01
   6.1829654e-01
   5.4496264e-01
   3.5947674e-01
   4.8676564e-01
   3.5892754e-01
   3.4314944e-01
   2.5794414e-01
   2.7939824e-01
   3.4733044e-01
   2.9712954e-01
   2.7039564e-01
   2.2989884e-01
   2.5132234e-01
   1.8622874e-01
   1.8867004e-01
   1.6260804e-01
   1.4820364e-01
   1.5537544e-01
   1.8766314e-01
   8.1553443e-02
   1.4847854e-01
   1.7014564e-01
   3.2633443e-02
   8.2224543e-02
   9.5591243e-02
   5.0699643e-02
   1.3895714e-01
   7.4198343e-02
   9.9222843e-02
   1.1179343e-02
   3.2663843e-02
   4.0934543e-02
   3.6325943e-02
   1.5147143e-02
   3.9408343e-02
   6.9768129e+01
   1.8290007e+01
   7.2296695e+00
   4.6635687e+00
   3.2629974e+00
   2.6528896e+00
   2.1389130e+00
   1.8070950e+00
   1.4483609e+00
   1.3258021e+00
   1.1141934e+00
   9.8131963e-01
   9.7628453e-01
   7.5487903e-01
   7.7038303e-01
   6.8035533e-01
   5.6335113e-01
   5.8477433e-01
   5.7092013e-01
   4.5757733e-01
   4.7015063e-01
   3.3178343e-01
   2.9449153e-01
   4.0365243e-01
   2.8179653e-01
   3.9803753e-01
   2.0962123e-01
   2.9913033e-01
   2.8667893e-01
   2.2137113e-01
   1.9118903e-01
   2.7248803e-01
   1.1831343e-01
   1.4007213e-01
   2.1603063e-01
   2.2689543e-01
   7.7907928e-02
   1.5725373e-01
   7.7785728e-02
   1.9082353e-01
   1.2200603e-01
   1.4437543e-01
   1.6231963e-01
   2.9537928e-02
   6.7408285e-03
   3.0911028e-02
   3.9456028e-02
   3.1857228e-02
   7.8213228e-02
   7.6046328e-02
   6.7532328e-02
   6.1855828e-02
   1.2408123e-01
   4.2233228e-02
   3.9456128e-02
   1.2008323e-01
   7.0542834e+01
   8.3151724e+00
   2.9047117e+00
   1.9462763e+00
   1.5343200e+00
   1.1726564e+00
   9.3510705e-01
   7.9509275e-01
   8.0989415e-01
   5.8558945e-01
   5.7225325e-01
   4.9486045e-01
   4.1725445e-01
   4.4493405e-01
   3.9686895e-01
   4.2338855e-01
   2.8142115e-01
   3.7593355e-01
   3.0116535e-01
   3.3986175e-01
   1.5773335e-01
   1.9978625e-01
   1.6401915e-01
   2.4684355e-01
   1.1332955e-01
   2.0610315e-01
   2.2093535e-01
   2.4809565e-01
   2.3536925e-01
   9.4195551e-02
   1.0600545e-01
   1.9346865e-01
   3.2916251e-02
   3.2030851e-02
   1.7967515e-01
   1.7103835e-01
   5.2691051e-02
   1.2556745e-01
   3.6914251e-02
   1.1384875e-01
   8.2659751e-02
   6.6119151e-02
   1.2938195e-01
   5.0860751e-02
   6.1907851e-02
   5.4476701e-02
   4.7045551e-02
   4.5306851e-02
   1.0518185e-01
   8.4643751e-02
   3.5601651e-02
   8.5177301e-02
   1.3475295e-01
   8.0187701e-02
   2.5622451e-02
   1.2861915e-01
   6.9865370e+01
   1.8682077e+01
   6.9123037e+00
   4.2091772e+00
   2.7908722e+00
   2.1846407e+00
   1.7221779e+00
   1.4555458e+00
   1.1675513e+00
   9.5798730e-01
   8.2956940e-01
   7.1930950e-01
   6.8863870e-01
   5.8274320e-01
   5.6995600e-01
   4.6827200e-01
   4.0983010e-01
   4.4779370e-01
   3.8593480e-01
   3.3182730e-01
   2.7417990e-01
   2.9975370e-01
   2.2733530e-01
   2.8559370e-01
   1.7423400e-01
   2.4543140e-01
   2.2010280e-01
   2.5522900e-01
   2.3981750e-01
   1.7765310e-01
   7.7067002e-02
   2.4027540e-01
   6.3181302e-02
   6.2723802e-02
   1.7756080e-01
   1.5171260e-01
   1.5363530e-01
   1.9370520e-01
   1.8995140e-01
   2.9947502e-02
   1.6703260e-01
   2.5919702e-02
   1.6336902e-02
   1.5458180e-01
   1.2299580e-01
   1.1701410e-01
   1.2079880e-01
   4.3192402e-02
   5.7108402e-02
   9.4034402e-02
   3.3640302e-02
   2.1677102e-02
   7.1421402e-02
   5.2439102e-02
   8.1797202e-02
   1.7007902e-02
   6.8313575e+01
   4.7804392e+01
   1.8817359e+01
   1.1129430e+01
   7.5958662e+00
   5.6348942e+00
   4.3122603e+00
   3.5021149e+00
   2.9447112e+00
   2.4187093e+00
   2.0998924e+00
   1.8505947e+00
   1.5736474e+00
   1.4372037e+00
   1.1630642e+00
   1.0511868e+00
   1.0327844e+00
   8.3585425e-01
   8.2096185e-01
   7.0197345e-01
   6.9303205e-01
   6.3575055e-01
   5.9574195e-01
   5.8286345e-01
   5.1090375e-01
   5.3580495e-01
   4.3158845e-01
   4.9753655e-01
   4.4229945e-01
   3.2587505e-01
   3.0130875e-01
   3.3762455e-01
   3.0530595e-01
   3.1775805e-01
   2.4533905e-01
   2.2995795e-01
   2.1872825e-01
   1.5540425e-01
   1.8155745e-01
   2.4546195e-01
   1.7429415e-01
   1.7478295e-01
   1.6324745e-01
   1.3749005e-01
   1.1682935e-01
   1.7102865e-01
   9.7848051e-02
   1.1838575e-01
   1.3242455e-01
   9.8946951e-02
   1.3367525e-01
   1.0382905e-01
   1.0654515e-01
   6.1806451e-02
   4.1848351e-02
   7.9323751e-02
   6.8705871e+01
   4.8051184e+01
   2.0025663e+01
   1.2594482e+01
   9.1339134e+00
   7.0231674e+00
   5.6412064e+00
   4.7547957e+00
   4.0734861e+00
   3.5591750e+00
   3.1539012e+00
   2.8092057e+00
   2.5422071e+00
   2.2509772e+00
   2.0098581e+00
   1.7890021e+00
   1.7085278e+00
   1.6123051e+00
   1.4501051e+00
   1.3404248e+00
   1.2783820e+00
   1.2216811e+00
   1.1757821e+00
   1.0755933e+00
   1.0639352e+00
   9.2288326e-01
   8.5110586e-01
   8.1988656e-01
   7.7127176e-01
   7.8991806e-01
   6.9839606e-01
   6.9308546e-01
   6.7340206e-01
   6.3925286e-01
   5.4760806e-01
   5.4388526e-01
   6.2509276e-01
   4.9737586e-01
   5.5459676e-01
   3.9086976e-01
   4.2974956e-01
   3.8610966e-01
   4.4445946e-01
   3.2956056e-01
   3.7088186e-01
   2.9638776e-01
   3.6608996e-01
   3.6715796e-01
   3.0023316e-01
   3.0761846e-01
   2.2952426e-01
   2.5827116e-01
   2.6431386e-01
   1.5628166e-01
   2.2491556e-01
   2.1420366e-01
   6.9522770e+01
   3.6657084e+01
   1.3643868e+01
   8.1477405e+00
   5.5427295e+00
   4.1596411e+00
   3.2647154e+00
   2.6348322e+00
   2.1776176e+00
   1.8612722e+00
   1.6145076e+00
   1.3848626e+00
   1.2155818e+00
   1.1127369e+00
   9.9796076e-01
   8.8498486e-01
   8.2364546e-01
   7.4454326e-01
   6.1267616e-01
   5.9757026e-01
   5.6119346e-01
   6.1566726e-01
   4.9503146e-01
   4.0778166e-01
   4.3671206e-01
   3.6581976e-01
   3.6304316e-01
   2.3950716e-01
   2.6392166e-01
   3.4363406e-01
   3.8413056e-01
   2.5656686e-01
   2.7408416e-01
   2.9050286e-01
   2.1219406e-01
   3.4103916e-01
   1.0385686e-01
   1.3858586e-01
   7.4224661e-02
   2.5504156e-01
   9.5617361e-02
   2.2446256e-01
   2.1637516e-01
   5.8294461e-02
   9.0123861e-02
   6.9921061e-02
   6.9707861e-02
   1.6400736e-01
   3.4673661e-02
   8.2891061e-02
   9.7997461e-02
   9.9889861e-02
   4.3524061e-02
   4.2638361e-02
   5.6200612e-03
   3.9953261e-02
   6.8088235e+01
   5.9934641e+01
   2.5987838e+01
   1.5231122e+01
   1.0229442e+01
   7.5438682e+00
   5.8444682e+00
   4.6187290e+00
   3.7687812e+00
   3.2234342e+00
   2.7333206e+00
   2.3650651e+00
   2.0101457e+00
   1.7638383e+00
   1.5872943e+00
   1.4253990e+00
   1.2808374e+00
   1.1558976e+00
   1.0856460e+00
   9.7654598e-01
   9.0937728e-01
   7.6359378e-01
   7.5562988e-01
   6.9599768e-01
   6.6532818e-01
   6.3267368e-01
   5.4518028e-01
   5.4087698e-01
   5.2995158e-01
   3.9720048e-01
   4.1810468e-01
   4.2710728e-01
   3.5575718e-01
   3.2380568e-01
   2.8547558e-01
   2.4827458e-01
   3.9131038e-01
   2.1870298e-01
   2.8776408e-01
   2.5358388e-01
   1.4591878e-01
   2.5385898e-01
   2.0924258e-01
   1.5626408e-01
   1.7637498e-01
   1.8699498e-01
   1.6245938e-01
   1.8900928e-01
   1.9795108e-01
   1.9779848e-01
   9.9439876e-02
   1.3938758e-01
   8.3784976e-02
   1.5543988e-01
   1.2428158e-01
   8.9251761e-03
   6.3927862e+01
   5.6681184e+01
   2.3234360e+01
   1.3656866e+01
   9.2580586e+00
   6.7829046e+00
   5.2486316e+00
   4.1958961e+00
   3.4047590e+00
   2.9207197e+00
   2.4665571e+00
   2.1213112e+00
   1.7862589e+00
   1.6782266e+00
   1.4070169e+00
   1.2678266e+00
   1.1889380e+00
   1.0682722e+00
   9.9316828e-01
   9.2917328e-01
   7.8961598e-01
   7.9108088e-01
   7.3477648e-01
   6.8707668e-01
   5.7620628e-01
   5.9637808e-01
   5.6488408e-01
   4.8804158e-01
   4.2383228e-01
   4.7131748e-01
   3.9603068e-01
   4.3048518e-01
   3.2385688e-01
   3.3264578e-01
   2.9355228e-01
   3.0380668e-01
   2.6858968e-01
   2.5494858e-01
   2.0785968e-01
   2.5470348e-01
   2.1582398e-01
   1.9498058e-01
   1.8817568e-01
   1.4362008e-01
   1.4743438e-01
   1.4679368e-01
   1.2997858e-01
   1.3208408e-01
   8.3469880e-02
   1.6260158e-01
   1.2347818e-01
   1.4249098e-01
   6.7142880e-02
   4.0440480e-02
   5.1426180e-02
   9.0122480e-02
   6.7952313e+01
   4.3037458e+01
   1.7198405e+01
   1.0295642e+01
   6.9094068e+00
   5.2707378e+00
   4.0435300e+00
   3.2282536e+00
   2.7530340e+00
   2.3655827e+00
   1.9917425e+00
   1.7269725e+00
   1.5604378e+00
   1.3148936e+00
   1.2500130e+00
   1.1035286e+00
   1.0538765e+00
   8.2020370e-01
   8.8029210e-01
   7.5489550e-01
   6.2763730e-01
   7.0426800e-01
   6.6956870e-01
   5.2439700e-01
   5.5637850e-01
   5.2546440e-01
   5.1081660e-01
   4.0922350e-01
   3.2212590e-01
   4.3226380e-01
   2.8632890e-01
   3.1910470e-01
   3.7489130e-01
   3.8181800e-01
   3.0622640e-01
   2.9920730e-01
   2.9392780e-01
   1.9212120e-01
   1.6831690e-01
   2.4390930e-01
   2.6035850e-01
   1.4780930e-01
   2.0512140e-01
   7.9022695e-02
   1.3242920e-01
   1.4423940e-01
   1.1173780e-01
   1.4945730e-01
   1.2663030e-01
   1.3148260e-01
   1.6093220e-01
   6.9989695e-02
   1.3355790e-01
   1.2070960e-01
   2.5067895e-02
   1.1659010e-01
   7.0031695e+01
   2.8617389e+01
   1.1185414e+01
   6.7773878e+00
   4.6968558e+00
   3.5570885e+00
   2.8533840e+00
   2.3380028e+00
   1.9775904e+00
   1.6908472e+00
   1.4923916e+00
   1.2988793e+00
   1.1427213e+00
   1.0383514e+00
   8.8731955e-01
   8.2692515e-01
   8.0708865e-01
   7.2032715e-01
   6.4018795e-01
   6.3194855e-01
   5.6850215e-01
   4.5192535e-01
   4.1005495e-01
   4.3169255e-01
   4.2665685e-01
   4.1112305e-01
   3.0519635e-01
   3.6656755e-01
   2.7315365e-01
   3.0687545e-01
   2.5026515e-01
   2.5517875e-01
   2.2527115e-01
   2.1916765e-01
   2.0747925e-01
   2.1944225e-01
   1.9087785e-01
   1.9075565e-01
   1.6844765e-01
   1.9222075e-01
   1.3979155e-01
   1.3695345e-01
   1.2044365e-01
   1.4104315e-01
   1.1259965e-01
   1.3634315e-01
   1.4903835e-01
   8.7301546e-02
   8.7270746e-02
   1.2462435e-01
   1.0738175e-01
   1.0552025e-01
   1.0829745e-01
   1.0176665e-01
   2.8067346e-02
   1.1543835e-01
   6.9921284e+01
   4.0346520e+01
   1.8564840e+01
   1.2392845e+01
   9.2896914e+00
   7.4334054e+00
   6.1498644e+00
   5.1934414e+00
   4.5310905e+00
   3.9427715e+00
   3.5418941e+00
   3.1593541e+00
   2.8809736e+00
   2.5123511e+00
   2.3600384e+00
   2.1496199e+00
   2.0087501e+00
   1.8403851e+00
   1.7238688e+00
   1.5993874e+00
   1.4499127e+00
   1.4066690e+00
   1.2517312e+00
   1.2333596e+00
   1.1028365e+00
   1.0121684e+00
   9.9700118e-01
   9.5253708e-01
   9.2067588e-01
   8.3010118e-01
   8.3330518e-01
   7.9409008e-01
   6.9402328e-01
   7.1694078e-01
   6.6060608e-01
   6.3277388e-01
   5.8708918e-01
   5.4085508e-01
   4.9617658e-01
   5.1543368e-01
   4.7389918e-01
   4.5833558e-01
   4.4399158e-01
   3.8143128e-01
   3.7477858e-01
   3.8353688e-01
   3.3342698e-01
   3.1603188e-01
   2.9582938e-01
   3.5723038e-01
   3.0760868e-01
   3.1075258e-01
   2.9085498e-01
   2.7925788e-01
   2.0351348e-01
   2.4556688e-01
   6.9528591e+01
   4.4079464e+01
   1.8696501e+01
   1.2030085e+01
   8.7332390e+00
   6.8733130e+00
   5.6118710e+00
   4.7335762e+00
   4.0623445e+00
   3.6015590e+00
   3.1427563e+00
   2.8034013e+00
   2.5219678e+00
   2.3657178e+00
   2.0824844e+00
   1.9580031e+00
   1.7842972e+00
   1.7165172e+00
   1.5097306e+00
   1.4739335e+00
   1.3902235e+00
   1.1709244e+00
   1.0877330e+00
   1.0715898e+00
   1.0278885e+00
   9.6346553e-01
   8.8570673e-01
   9.0233873e-01
   8.2232193e-01
   7.9104183e-01
   7.3366823e-01
   7.3339333e-01
   6.4635753e-01
   6.0323613e-01
   5.6817113e-01
   5.8205753e-01
   5.4644323e-01
   5.0109403e-01
   5.0054473e-01
   4.9163343e-01
   4.4051663e-01
   3.9333633e-01
   4.0426193e-01
   3.5277783e-01
   3.3727543e-01
   3.3629903e-01
   3.0596483e-01
   3.3394913e-01
   3.1331883e-01
   2.6262963e-01
   2.5350513e-01
   2.8078743e-01
   2.6107343e-01
   1.9384333e-01
   2.4853053e-01
   2.4874423e-01
   6.9792408e+01
   2.2984126e+01
   9.2239640e+00
   5.7629300e+00
   4.1338424e+00
   3.1431794e+00
   2.5762549e+00
   2.1475442e+00
   1.7997663e+00
   1.5732035e+00
   1.3750217e+00
   1.2293308e+00
   1.0869662e+00
   9.8616707e-01
   9.1149047e-01
   8.2674347e-01
   7.2670677e-01
   6.8794987e-01
   6.1885717e-01
   5.8483057e-01
   5.5226817e-01
   5.0569847e-01
   4.7560817e-01
   4.2888607e-01
   3.9504227e-01
   4.1438977e-01
   3.8787037e-01
   3.5298857e-01
   3.1200357e-01
   3.4474907e-01
   2.7684647e-01
   2.4330857e-01
   2.7495427e-01
   2.4111117e-01
   2.3204757e-01
   1.7153097e-01
   1.8804097e-01
   1.9191677e-01
   1.9423587e-01
   1.5569217e-01
   1.5947677e-01
   1.7031027e-01
   1.1955967e-01
   1.5892737e-01
   1.0897017e-01
   1.3152277e-01
   1.7540687e-01
   1.0771867e-01
   1.0060797e-01
   1.1427967e-01
   1.1214397e-01
   1.3930457e-01
   9.8258669e-02
   6.1179569e-02
   9.0018669e-02
   8.8767369e-02
   7.0251471e+01
   1.4872691e+01
   5.7005965e+00
   3.5315617e+00
   2.4744330e+00
   1.8349673e+00
   1.4581367e+00
   1.1944952e+00
   9.8789113e-01
   8.6627843e-01
   7.3447303e-01
   6.6647993e-01
   5.4785833e-01
   5.3644433e-01
   4.1861643e-01
   4.0470013e-01
   3.5523073e-01
   3.4799813e-01
   2.7167383e-01
   2.4841983e-01
   2.4704643e-01
   2.3108503e-01
   2.3142173e-01
   1.9605123e-01
   2.3297783e-01
   1.9266453e-01
   1.6376383e-01
   1.4813943e-01
   1.0886253e-01
   1.6367193e-01
   7.5842429e-02
   9.2321829e-02
   1.1997053e-01
   8.3990929e-02
   1.3187283e-01
   7.5506629e-02
   7.1203629e-02
   1.1868913e-01
   8.9056629e-02
   9.1711929e-02
   8.1518829e-02
   4.3035829e-02
   8.6096429e-02
   5.5029729e-02
   6.3421729e-02
   5.4602429e-02
   3.9160229e-02
   4.3371529e-02
   2.0514329e-02
   5.9087929e-02
   2.5549329e-02
   6.9342329e-02
   3.7055229e-02
   5.5120929e-02
   2.5305629e-02
   5.4083129e-02
   7.0298860e+01
   1.3178928e+01
   5.1914074e+00
   3.3230917e+00
   2.3198572e+00
   1.8222681e+00
   1.4159567e+00
   1.1431600e+00
   9.5312738e-01
   8.7518538e-01
   7.1292318e-01
   5.6350848e-01
   5.2014348e-01
   5.2945148e-01
   4.0228478e-01
   3.7253048e-01
   3.4622378e-01
   3.5516518e-01
   2.6230078e-01
   2.4048098e-01
   3.0499468e-01
   1.8451138e-01
   1.9058488e-01
   1.5442138e-01
   2.3181338e-01
   1.9909898e-01
   1.6778808e-01
   1.3516458e-01
   7.6784384e-02
   1.3690378e-01
   8.0751484e-02
   6.0945084e-02
   1.1541988e-01
   5.7832784e-02
   8.4383084e-02
   8.3681684e-02
   4.3947584e-02
   7.7455684e-02
   5.9725084e-02
   1.0782018e-01
   8.6824784e-02
   7.2115384e-02
   7.5990884e-02
   7.1657384e-02
   5.1973584e-02
   7.1901084e-02
   5.0294984e-02
   4.1017484e-02
   3.6989284e-02
   2.5148884e-02
   2.3256284e-02
   3.0550084e-02
   4.4313484e-02
   4.9135484e-02
   2.1913284e-02
   2.5941784e-02
   6.9752844e+01
   1.8803259e+01
   7.7033138e+00
   4.8507508e+00
   3.5107832e+00
   2.6875422e+00
   2.1665766e+00
   1.7767756e+00
   1.5036431e+00
   1.2710385e+00
   1.1364858e+00
   1.0409356e+00
   9.0076803e-01
   7.2422423e-01
   7.2043983e-01
   6.7478483e-01
   5.6339643e-01
   5.0632873e-01
   4.7663513e-01
   4.3314733e-01
   3.8364803e-01
   4.2115433e-01
   3.5987433e-01
   2.9001963e-01
   2.7588973e-01
   2.8351983e-01
   3.1333533e-01
   1.9660573e-01
   2.2221013e-01
   1.6245673e-01
   1.9468303e-01
   1.9681893e-01
   1.4377983e-01
   1.1973163e-01
   1.1524513e-01
   1.6254783e-01
   1.4005623e-01
   1.5311783e-01
   1.6492883e-01
   1.6617933e-01
   1.8415433e-01
   1.0227533e-01
   1.5055433e-01
   9.1411626e-02
   1.6386023e-01
   8.1401626e-02
   4.6245926e-02
   7.4900826e-02
   7.7190326e-02
   4.7832426e-02
   4.7771226e-02
   9.5348326e-02
   6.0893926e-02
   6.4189926e-02
   5.6164126e-02
   7.7556626e-02
   7.1188748e+01
   1.0868714e+01
   3.7635142e+00
   2.3469803e+00
   1.6880748e+00
   1.2113594e+00
   9.8397300e-01
   8.4368370e-01
   7.4972050e-01
   5.8187360e-01
   5.4274980e-01
   4.9712640e-01
   4.5360810e-01
   3.6168940e-01
   3.6065160e-01
   3.3346090e-01
   3.0773430e-01
   2.2719820e-01
   2.4727860e-01
   2.1383170e-01
   1.6167710e-01
   1.8642670e-01
   2.1584580e-01
   1.7028310e-01
   1.2264520e-01
   1.1260510e-01
   1.4718120e-01
   1.1678550e-01
   1.2319440e-01
   1.1037670e-01
   8.0866604e-02
   7.4671204e-02
   3.5883204e-02
   4.7816304e-02
   2.6118104e-02
   8.4558904e-02
   9.2554404e-02
   4.6289904e-02
   5.2881804e-02
   5.0745404e-02
   2.4561104e-02
   7.4671504e-02
   4.1834204e-02
   1.0000110e-01
   9.2340904e-02
   2.4195104e-02
   8.1171704e-02
   1.2567904e-02
   1.2873104e-02
   9.3317704e-02
   6.6920104e-02
   4.2444804e-02
   8.5200004e-02
   3.0238304e-02
   3.0238304e-02
   3.0238304e-02
   7.0918307e+01
   7.8941067e+00
   2.6801175e+00
   1.7254966e+00
   1.3661523e+00
   1.0380888e+00
   9.3042254e-01
   8.2769994e-01
   6.9992274e-01
   4.5379914e-01
   5.5496464e-01
   5.3979734e-01
   4.3460354e-01
   2.5799794e-01
   3.8012924e-01
   3.5101624e-01
   3.0630724e-01
   1.1789224e-01
   2.5821154e-01
   1.5811414e-01
   1.9711514e-01
   1.8747194e-01
   2.3889394e-01
   1.2567384e-01
   2.0437814e-01
   1.9140834e-01
   1.5475734e-01
   8.7832042e-02
   6.4724416e-03
   1.3900994e-01
   9.0051416e-03
   6.6072942e-02
   1.0956034e-01
   7.9592542e-02
   1.1212404e-01
   3.1893242e-02
   8.1301242e-02
   4.0285842e-02
   8.2735142e-02
   2.3775342e-02
   3.1405042e-02
   5.1363642e-02
   1.4407142e-02
   7.2756342e-02
   3.0519642e-02
   2.8780242e-02
   6.2594242e-02
   8.4810542e-02
   5.8809842e-02
   7.5014842e-02
   8.7099342e-02
   7.0909992e-02
   5.4720642e-02
   3.3053142e-02
   2.1761292e-02
   1.0469442e-02
   7.1046939e+01
   5.3539876e+00
   1.5783185e+00
   1.0015678e+00
   8.3393407e-01
   6.1048427e-01
   4.4990147e-01
   3.6545877e-01
   3.8724867e-01
   3.6469587e-01
   2.3771207e-01
   2.1943277e-01
   2.4158767e-01
   1.8244537e-01
   1.6721697e-01
   1.9324897e-01
   2.6069237e-01
   2.2593868e-02
   2.3258557e-01
   1.8897657e-01
   1.1399477e-01
   1.5281267e-01
   2.3322637e-01
   2.0829367e-01
   1.4255857e-01
   1.2150157e-01
   5.6286068e-02
   7.0476668e-02
   5.6041668e-02
   2.4363968e-02
   2.4363968e-02
   9.3089718e-02
   1.6181547e-01
   1.6202837e-01
   1.7795867e-01
   1.7795867e-01
   1.3711107e-01
   9.6263468e-02
   9.6263468e-02
   1.0010872e-01
   1.0395397e-01
   9.2418668e-02
   1.2278357e-01
   5.5064668e-02
   1.8596068e-02
   6.0008768e-02
   6.0008768e-02
   4.5955218e-02
   3.1901668e-02
   4.1575718e-02
   5.1249768e-02
   6.4479168e-02
   7.7708568e-02
   7.7708568e-02
   5.1890868e-02
   2.6073168e-02
   7.1456352e+01
   4.7181668e+00
   1.1451342e+00
   9.0636430e-01
   4.7319840e-01
   5.0884250e-01
   3.1081470e-01
   2.2408330e-01
   2.5417380e-01
   2.8594230e-01
   1.9356530e-01
   1.6335300e-01
   2.3525280e-01
   2.8953805e-02
   1.4489040e-01
   2.2075700e-01
   1.3921420e-01
   1.0375250e-01
   1.0246705e-02
   2.6696005e-02
   9.4780805e-02
   9.4780805e-02
   6.5086955e-02
   3.5393105e-02
   7.1312305e-02
   2.7245205e-02
   5.4909355e-02
   8.2573505e-02
   1.2538940e-01
   1.2538940e-01
   1.2538940e-01
   9.2384605e-02
   5.9379805e-02
   3.4935705e-02
   1.4318120e-01
   3.2219105e-02
   1.0363040e-01
   7.6527047e-03
   6.2950355e-02
   1.1824800e-01
   1.7641490e-01
   2.0195305e-02
   8.6815605e-02
   8.6815605e-02
   1.2195645e-01
   1.5709730e-01
   7.9918605e-02
   7.9918605e-02
   6.7635205e-02
   5.5351805e-02
   7.4654105e-02
   9.3956405e-02
   9.3956405e-02
   5.6083955e-02
   1.8211505e-02
   2.8892905e-02
   7.1602515e+01
   6.2244987e+00
   1.8221194e+00
   1.2456110e+00
   1.0370542e+00
   7.5107373e-01
   6.8704743e-01
   5.7761193e-01
   4.6542943e-01
   3.6795583e-01
   3.8660273e-01
   4.1971373e-01
   2.8226263e-01
   2.8134693e-01
   2.1033343e-01
   2.0117723e-01
   1.2033613e-01
   2.3590623e-01
   1.6458723e-01
   1.2494473e-01
   1.6028363e-01
   9.7570126e-02
   1.1737663e-01
   1.4432403e-01
   1.5439453e-01
   1.8854353e-01
   2.9333126e-02
   1.1746823e-01
   1.1682693e-01
   5.3319726e-02
   1.1981803e-01
   1.2753903e-01
   8.0083826e-02
   6.7937726e-02
   5.9912026e-02
   9.5526126e-02
   4.3127326e-02
   3.1164826e-02
   9.5586326e-02
   8.4142526e-02
   6.8197426e-02
   5.2252326e-02
   5.2801626e-02
   9.3633926e-02
   9.3847226e-02
   5.8263776e-02
   2.2680326e-02
   1.1527013e-01
   1.2360223e-01
   2.6677726e-02
   8.8253265e-03
   4.3695265e-03
   1.4105326e-02
   2.5945426e-02
   1.2323583e-01
   1.2323583e-01
   7.1573153e+01
   5.3270258e+00
   1.5048800e+00
   1.1653719e+00
   8.9291057e-01
   7.2790257e-01
   6.2798817e-01
   4.7671277e-01
   4.4970467e-01
   3.6593357e-01
   3.6718437e-01
   3.1246667e-01
   3.4200757e-01
   1.9762917e-01
   2.2793237e-01
   1.9414957e-01
   2.4624377e-01
   1.1449937e-01
   2.1645867e-01
   2.8399387e-01
   1.4434527e-01
   1.0400087e-01
   4.9679667e-02
   1.6457807e-01
   1.0129267e-02
   1.3242267e-02
   1.2576027e-01
   2.3827827e-01
   1.5771157e-01
   1.3586117e-01
   1.2240287e-01
   1.5868847e-01
   1.5804747e-01
   1.6402937e-01
   8.5110567e-02
   6.3656967e-02
   8.8407067e-02
   1.3851767e-02
   4.2050267e-02
   7.0248767e-02
   7.7634117e-02
   8.5019467e-02
   1.2203867e-02
   7.7327967e-02
   8.6468217e-02
   9.5608467e-02
   7.8884917e-02
   6.2161367e-02
   8.7247067e-02
   8.1757675e-03
   1.6155817e-02
   2.4135867e-02
   2.4135867e-02
   5.2242817e-02
   8.0349767e-02
   2.6851967e-02
   7.1601281e+01
   5.4962319e+00
   1.8497511e+00
   1.4296459e+00
   1.0432633e+00
   9.6004226e-01
   8.2289576e-01
   6.5733806e-01
   5.0603136e-01
   5.2626466e-01
   4.7740606e-01
   3.6433886e-01
   2.8816696e-01
   3.3000646e-01
   2.4391596e-01
   2.6265386e-01
   1.6618776e-01
   2.5554336e-01
   1.5837556e-01
   2.3152596e-01
   1.6325826e-01
   9.0382162e-02
   9.1267462e-02
   8.4035162e-02
   8.3546462e-02
   8.7666162e-02
   5.0007062e-02
   1.3484586e-01
   1.6585206e-01
   1.9685826e-01
   1.3417462e-02
   2.2022962e-02
   7.3048462e-02
   6.6975662e-02
   8.4949862e-02
   3.6213462e-02
   7.4039812e-02
   1.1186616e-01
   2.1626462e-02
   5.3364512e-02
   8.5102562e-02
   4.6649962e-02
   1.1470466e-01
   9.0225620e-03
   4.8313912e-02
   8.7605262e-02
   1.4882062e-02
   1.4882062e-02
   1.4882062e-02
   2.6066562e-02
   3.7251062e-02
   5.3089862e-02
   5.3089862e-02
   3.1025462e-02
   8.9610620e-03
   8.9610620e-03
   7.2045575e+01
   4.9682769e+00
   1.2908757e+00
   6.3249054e-01
   4.9802994e-01
   4.7135744e-01
   3.7400624e-01
   2.1125564e-01
   3.5981514e-01
   2.5291294e-01
   1.9233534e-01
   1.5614094e-01
   1.3661044e-01
   2.2471474e-01
   6.8342238e-02
   1.0481074e-01
   1.4030294e-01
   2.1870194e-01
   4.4050138e-02
   4.6354238e-02
   4.8658338e-02
   1.2013064e-01
   1.1836024e-01
   6.0468938e-02
   1.2257194e-01
   5.2442638e-02
   1.0246104e-01
   1.0549739e-01
   1.0853374e-01
   8.4058376e-03
   9.6235538e-02
   1.3798374e-01
   1.0215594e-01
   6.6328138e-02
   7.7040038e-02
   8.7751938e-02
   8.0518538e-02
   6.0056838e-02
   3.9595138e-02
   2.2642338e-02
   5.6895376e-03
   5.6895376e-03
   5.6895376e-03
   4.7739376e-03
   3.8583376e-03
   4.0144438e-02
   5.6440638e-02
   7.2736838e-02
   2.2687838e-02
   2.2687838e-02
   4.2264688e-02
   6.1841538e-02
   4.1273238e-02
   1.8629338e-02
   1.8629338e-02
   1.8629338e-02
