   6.8189286e+01
   1.5409939e+00
   8.9336272e-01
   6.5661006e-01
   5.2681309e-01
   4.5576792e-01
   3.7469240e-01
   3.2992809e-01
   2.7653781e-01
   2.4828323e-01
   2.1246513e-01
   1.8299014e-01
   1.5985600e-01
   1.3790936e-01
   1.1817464e-01
   1.0061399e-01
   8.3337721e-02
   6.9137187e-02
   5.8477501e-02
   4.8561229e-02
   4.1515513e-02
   3.1962700e-02
   2.6000189e-02
   2.2391907e-02
   1.8212361e-02
   1.4917342e-02
   1.2279396e-02
   1.0154903e-02
   7.6702149e-03
   6.2798393e-03
   4.8563058e-03
   4.5739116e-03
   4.3183411e-03
   3.5229172e-03
   3.1786408e-03
   3.0559157e-03
   2.3783825e-03
   2.0848707e-03
   2.3799222e-03
   1.8275587e-03
   2.3188109e-03
   2.5288082e-03
   2.6719568e-03
   2.1687420e-03
   2.1058755e-03
   2.1186103e-03
   2.0586588e-03
   1.9199215e-03
   1.6246736e-03
   2.0282093e-03
   2.1595365e-03
   1.8213854e-03
   1.9283381e-03
   2.0823369e-03
   1.9938105e-03
   2.0021987e-03
   6.6104850e+01
   1.6901084e+00
   9.7703587e-01
   7.1228525e-01
   5.8069909e-01
   4.8395669e-01
   3.9870462e-01
   3.3677577e-01
   2.9404795e-01
   2.6483466e-01
   2.2265816e-01
   1.9067398e-01
   1.6414392e-01
   1.3741315e-01
   1.1908423e-01
   1.0061865e-01
   8.6604661e-02
   7.2037079e-02
   6.0770544e-02
   4.8929270e-02
   3.8328625e-02
   3.4697432e-02
   2.8484578e-02
   2.2180639e-02
   1.9103637e-02
   1.3943309e-02
   1.1324102e-02
   9.9937918e-03
   8.9832112e-03
   7.8981305e-03
   6.2110010e-03
   5.5510330e-03
   4.7505295e-03
   4.7913051e-03
   3.6126013e-03
   3.3541798e-03
   3.3765931e-03
   3.1136485e-03
   2.1129581e-03
   2.9900928e-03
   3.2849507e-03
   2.5340298e-03
   3.2482885e-03
   3.1690693e-03
   3.6883904e-03
   3.7261439e-03
   2.9413953e-03
   2.7504893e-03
   2.9617532e-03
   2.7748097e-03
   3.1510210e-03
   3.7474016e-03
   2.3726753e-03
   2.5863031e-03
   2.2208648e-03
   3.1014747e-03
   6.7056603e+01
   1.6235246e+00
   9.6250575e-01
   7.0682903e-01
   5.7827749e-01
   4.6319422e-01
   4.0436498e-01
   3.4057089e-01
   3.0479147e-01
   2.5590125e-01
   2.2309307e-01
   1.9076054e-01
   1.6401686e-01
   1.3849572e-01
   1.1836625e-01
   9.9212775e-02
   8.5957658e-02
   7.2664890e-02
   6.0260156e-02
   4.8826347e-02
   3.7223812e-02
   3.5461794e-02
   2.7556157e-02
   2.0284053e-02
   1.7824152e-02
   1.3647542e-02
   1.0261263e-02
   9.0678826e-03
   8.0033022e-03
   5.8182054e-03
   4.2397412e-03
   3.6787884e-03
   3.5827647e-03
   3.0513792e-03
   2.5961887e-03
   2.0302633e-03
   1.8008963e-03
   1.9428192e-03
   2.1478129e-03
   1.9563547e-03
   1.6111917e-03
   1.5180902e-03
   1.2644740e-03
   1.9102037e-03
   1.9960518e-03
   1.0071660e-03
   1.7896083e-03
   1.7323354e-03
   1.4467168e-03
   1.8510827e-03
   1.6287687e-03
   1.4445173e-03
   1.1125008e-03
   1.5490569e-03
   1.2850921e-03
   9.9749668e-04
   6.8476957e+01
   1.6553651e+00
   9.5921588e-01
   7.0648857e-01
   5.6693718e-01
   4.7757799e-01
   3.9925581e-01
   3.3352595e-01
   2.9876415e-01
   2.6604674e-01
   2.1816741e-01
   1.8862381e-01
   1.6641794e-01
   1.4352091e-01
   1.2236535e-01
   1.0235756e-01
   8.6853428e-02
   7.1767217e-02
   6.0762815e-02
   5.0621593e-02
   4.0881145e-02
   3.3731954e-02
   2.8086857e-02
   2.2655886e-02
   1.8481247e-02
   1.4737339e-02
   1.2117516e-02
   1.0360298e-02
   8.1902560e-03
   7.0985795e-03
   6.0760854e-03
   4.7347763e-03
   4.2005617e-03
   3.7864816e-03
   3.8597790e-03
   3.5123099e-03
   3.1861239e-03
   3.2597628e-03
   3.1181557e-03
   3.6802385e-03
   2.5995125e-03
   2.3607573e-03
   2.2594045e-03
   2.5918546e-03
   2.7652042e-03
   2.4233430e-03
   2.4501698e-03
   2.5382551e-03
   2.4436692e-03
   2.7804142e-03
   2.1209865e-03
   2.3781773e-03
   2.1939033e-03
   2.4034459e-03
   2.0810235e-03
   2.6147371e-03
   6.5222921e+01
   1.8322310e+00
   1.0813974e+00
   7.8583955e-01
   6.2233332e-01
   5.1079256e-01
   4.3469669e-01
   3.6285670e-01
   3.1857600e-01
   2.7053555e-01
   2.3226161e-01
   1.9958441e-01
   1.7091782e-01
   1.4537751e-01
   1.2309221e-01
   1.0382576e-01
   8.7756286e-02
   7.2479507e-02
   6.0807943e-02
   5.0244546e-02
   4.1732889e-02
   3.3770345e-02
   2.8131086e-02
   2.2947506e-02
   1.8629822e-02
   1.5415027e-02
   1.1904110e-02
   9.8524218e-03
   8.3093421e-03
   7.2459048e-03
   5.8724401e-03
   5.3994301e-03
   4.2850400e-03
   3.9732139e-03
   3.4439257e-03
   3.0261770e-03
   2.6450898e-03
   2.2862242e-03
   2.7393490e-03
   2.7255873e-03
   2.6196221e-03
   2.4250606e-03
   2.7589082e-03
   2.1943673e-03
   2.3191700e-03
   2.2924831e-03
   2.3950594e-03
   2.1841883e-03
   2.1732911e-03
   2.0560667e-03
   2.2109319e-03
   2.4434448e-03
   2.1703781e-03
   2.2616908e-03
   1.5698863e-03
   1.9081653e-03
   7.1700736e+01
   1.5243114e+00
   9.2219223e-01
   6.7900323e-01
   5.4787963e-01
   4.3998986e-01
   3.9494421e-01
   3.3063883e-01
   2.9300718e-01
   2.4815725e-01
   2.1690414e-01
   1.8683510e-01
   1.5970970e-01
   1.3552503e-01
   1.1716426e-01
   1.0002860e-01
   8.5298166e-02
   7.2065483e-02
   5.8904724e-02
   5.0195405e-02
   3.9809645e-02
   3.4577867e-02
   2.8196062e-02
   2.1931524e-02
   1.7824937e-02
   1.5758378e-02
   1.1404594e-02
   9.8684832e-03
   8.3204989e-03
   6.4822416e-03
   6.1627593e-03
   4.9780016e-03
   4.5154699e-03
   3.7202807e-03
   3.1487986e-03
   3.5240635e-03
   2.7819949e-03
   3.0774385e-03
   2.8701139e-03
   2.5192411e-03
   2.6706996e-03
   2.5511840e-03
   2.1569564e-03
   2.6674987e-03
   2.4947506e-03
   1.9467256e-03
   2.2188224e-03
   2.3536520e-03
   2.7117992e-03
   2.9096631e-03
   2.3033745e-03
   2.5989650e-03
   2.0077632e-03
   1.9221852e-03
   2.4573711e-03
   2.4516026e-03
   6.8987344e+01
   1.6483161e+00
   9.6734812e-01
   7.1068909e-01
   5.6214411e-01
   4.5488255e-01
   3.9495285e-01
   3.4917961e-01
   3.0147121e-01
   2.3775645e-01
   2.1606568e-01
   1.8766670e-01
   1.5947732e-01
   1.3707831e-01
   1.1690364e-01
   9.9394599e-02
   8.2574016e-02
   7.0343719e-02
   5.6994910e-02
   4.8918128e-02
   4.0806863e-02
   3.1662515e-02
   2.6819332e-02
   2.1952346e-02
   1.7677120e-02
   1.4854539e-02
   1.1863234e-02
   9.0974980e-03
   7.1498352e-03
   6.1493865e-03
   5.2211535e-03
   4.2883771e-03
   3.6237184e-03
   3.3330517e-03
   2.8977584e-03
   2.7458328e-03
   2.7501774e-03
   2.7266189e-03
   2.0544339e-03
   2.5442348e-03
   2.5153401e-03
   2.2614559e-03
   2.3367891e-03
   1.9097307e-03
   2.1326934e-03
   2.1975303e-03
   2.0659207e-03
   2.2363622e-03
   2.0941868e-03
   2.0627893e-03
   1.9412747e-03
   1.9752128e-03
   1.7736885e-03
   1.9632708e-03
   2.0823125e-03
   2.3644811e-03
   6.6279963e+01
   1.4208512e+00
   8.2356014e-01
   5.9729757e-01
   4.8643261e-01
   4.2929952e-01
   3.4417272e-01
   3.1835498e-01
   2.6698321e-01
   2.3194544e-01
   2.0479654e-01
   1.7733340e-01
   1.5275668e-01
   1.3210341e-01
   1.1528260e-01
   9.8230561e-02
   8.0044293e-02
   6.6708481e-02
   5.6760169e-02
   4.5920635e-02
   3.9709111e-02
   2.9710550e-02
   2.6336880e-02
   2.2583963e-02
   1.8626713e-02
   1.3224962e-02
   1.1235531e-02
   9.1823468e-03
   7.0960878e-03
   6.2521708e-03
   5.6602034e-03
   4.6987281e-03
   3.9370743e-03
   3.5136275e-03
   3.1643922e-03
   2.9349028e-03
   2.9930602e-03
   2.7495847e-03
   2.5037115e-03
   2.4964650e-03
   2.5493589e-03
   2.3151383e-03
   2.3135783e-03
   2.6499374e-03
   2.4223422e-03
   2.2478048e-03
   1.8834196e-03
   2.2101781e-03
   2.0913833e-03
   2.2981508e-03
   1.9831452e-03
   2.1746363e-03
   2.2636937e-03
   2.3003440e-03
   2.3158727e-03
   1.9270260e-03
   7.1534120e+01
   1.4933459e+00
   8.6104077e-01
   6.2487563e-01
   5.1449510e-01
   4.3971715e-01
   3.6485706e-01
   3.3256489e-01
   2.8076810e-01
   2.3315554e-01
   2.1178679e-01
   1.8312181e-01
   1.5752505e-01
   1.3632379e-01
   1.1816445e-01
   1.0042291e-01
   8.1463316e-02
   6.9464329e-02
   5.6851098e-02
   4.8525197e-02
   4.3321858e-02
   3.0427528e-02
   2.6551679e-02
   2.3209251e-02
   1.8447857e-02
   1.4718122e-02
   1.2736307e-02
   8.6687516e-03
   7.5560693e-03
   6.7138351e-03
   5.6525867e-03
   4.4225456e-03
   4.1206661e-03
   3.6862417e-03
   3.1224206e-03
   2.7827595e-03
   2.6765096e-03
   2.3997836e-03
   2.7100901e-03
   2.9983468e-03
   2.7212199e-03
   2.8543840e-03
   2.1804336e-03
   1.9041667e-03
   2.5625227e-03
   2.1783300e-03
   2.7323860e-03
   2.2883567e-03
   2.1916310e-03
   2.4208404e-03
   2.3862610e-03
   1.8494710e-03
   1.9058566e-03
   1.5942073e-03
   1.8736555e-03
   2.0576449e-03
   6.8652928e+01
   1.6147791e+00
   9.5310655e-01
   6.9913993e-01
   5.5915543e-01
   4.5501697e-01
   4.0071102e-01
   3.4549127e-01
   2.9838652e-01
   2.4764173e-01
   2.1924837e-01
   1.8926895e-01
   1.6088668e-01
   1.3925914e-01
   1.1834499e-01
   1.0081748e-01
   8.3887300e-02
   7.2546066e-02
   5.8292088e-02
   4.9168859e-02
   4.1609443e-02
   3.2857694e-02
   2.7516012e-02
   2.2617657e-02
   1.8055717e-02
   1.4944818e-02
   1.2120551e-02
   9.3117510e-03
   7.0111071e-03
   6.1804105e-03
   5.0543702e-03
   4.5704295e-03
   3.3279164e-03
   3.4674610e-03
   2.7572062e-03
   2.0758301e-03
   1.9670082e-03
   2.0730322e-03
   1.9813232e-03
   2.0911621e-03
   2.1518212e-03
   1.5895149e-03
   1.6434759e-03
   1.9264367e-03
   1.4365479e-03
   1.8426519e-03
   1.4188275e-03
   1.3746047e-03
   1.5106754e-03
   1.2958100e-03
   1.4337494e-03
   1.5533228e-03
   1.4577742e-03
   1.1708095e-03
   1.0510194e-03
   1.3738309e-03
   6.8373565e+01
   1.5640251e+00
   9.0979854e-01
   6.7193031e-01
   5.3899815e-01
   4.4024485e-01
   3.8535883e-01
   3.3108532e-01
   2.8815136e-01
   2.4396448e-01
   2.1353224e-01
   1.8434578e-01
   1.5827914e-01
   1.3537546e-01
   1.1574156e-01
   9.8027573e-02
   8.3749761e-02
   7.0471393e-02
   5.9053915e-02
   4.8609153e-02
   3.8342892e-02
   3.4277360e-02
   2.8411104e-02
   2.1655965e-02
   1.7617479e-02
   1.4439485e-02
   1.0778132e-02
   1.0262618e-02
   8.2807423e-03
   6.0606781e-03
   4.8907540e-03
   4.2853005e-03
   3.9796311e-03
   3.5562136e-03
   2.6549319e-03
   2.2991485e-03
   2.4273201e-03
   1.8065440e-03
   2.4196942e-03
   2.2311069e-03
   2.2400803e-03
   2.0288632e-03
   1.3664499e-03
   1.7146080e-03
   1.7789898e-03
   1.4891512e-03
   1.6976436e-03
   1.6943003e-03
   1.6251894e-03
   1.3819719e-03
   1.2798767e-03
   1.5502210e-03
   1.4592487e-03
   1.3208666e-03
   1.2837598e-03
   1.2894187e-03
   6.8319556e+01
   1.5443252e+00
   9.2828564e-01
   6.8589766e-01
   5.4903598e-01
   4.3398329e-01
   3.9548421e-01
   3.4056734e-01
   2.9736618e-01
   2.3825112e-01
   2.1449931e-01
   1.8711416e-01
   1.5812778e-01
   1.3797418e-01
   1.1639509e-01
   1.0008982e-01
   8.2407431e-02
   7.1178485e-02
   5.6998527e-02
   4.8664388e-02
   4.1604636e-02
   2.9871510e-02
   2.5458269e-02
   2.2655861e-02
   1.7303393e-02
   1.5006935e-02
   1.2579670e-02
   7.6720264e-03
   6.4473422e-03
   5.5663366e-03
   5.0200581e-03
   3.8424869e-03
   3.2420435e-03
   2.7541584e-03
   2.6604014e-03
   1.8629625e-03
   1.8565380e-03
   1.9308595e-03
   2.1108937e-03
   1.6604172e-03
   1.6246663e-03
   1.9236214e-03
   1.2376951e-03
   1.5804127e-03
   1.4677898e-03
   1.1308601e-03
   1.1463047e-03
   1.3115737e-03
   9.9920046e-04
   1.4082449e-03
   1.1082235e-03
   1.5976595e-03
   1.5226888e-03
   1.1256787e-03
   1.1334514e-03
   1.2282323e-03
   6.9170569e+01
   1.4987005e+00
   8.6686298e-01
   6.3622014e-01
   5.2124900e-01
   4.3680438e-01
   3.7058412e-01
   3.1555340e-01
   2.7711073e-01
   2.5019755e-01
   2.1470759e-01
   1.8278534e-01
   1.6049728e-01
   1.3686493e-01
   1.1805866e-01
   9.8667322e-02
   8.4003684e-02
   7.0385054e-02
   5.7476751e-02
   4.7627385e-02
   3.8487875e-02
   3.2089894e-02
   2.6468093e-02
   2.0809035e-02
   1.5560408e-02
   1.4214576e-02
   1.2384266e-02
   9.2095660e-03
   8.2427892e-03
   7.5859761e-03
   4.6168704e-03
   3.0758584e-03
   2.2712369e-03
   2.9187770e-03
   3.7781181e-03
   3.4051414e-03
   3.1699141e-03
   3.0097132e-03
   2.7726453e-03
   2.1851500e-03
   1.7487996e-03
   2.0448340e-03
   2.1850904e-03
   2.3226942e-03
   2.7201502e-03
   2.4654857e-03
   2.3448727e-03
   2.8033950e-03
   2.9873418e-03
   3.4027273e-03
   3.2515103e-03
   2.9173745e-03
   2.5342703e-03
   1.9907924e-03
   2.2082036e-03
   2.4488383e-03
   6.9051002e+01
   1.5954694e+00
   9.2135808e-01
   6.7010537e-01
   5.4089280e-01
   4.4704504e-01
   3.8268171e-01
   3.3277887e-01
   2.8679436e-01
   2.4918509e-01
   2.1986588e-01
   1.9010952e-01
   1.6352693e-01
   1.3966575e-01
   1.1791955e-01
   9.8659465e-02
   8.1936599e-02
   6.8886902e-02
   5.8473004e-02
   4.9300176e-02
   4.0712019e-02
   3.5448466e-02
   2.9673470e-02
   2.4242268e-02
   1.9339787e-02
   1.4252900e-02
   1.0762324e-02
   9.4791146e-03
   7.6663409e-03
   6.3247547e-03
   4.5802661e-03
   3.8169098e-03
   3.2884833e-03
   4.4081528e-03
   3.8727067e-03
   4.0550880e-03
   3.6822398e-03
   3.2191509e-03
   2.6239366e-03
   2.3134855e-03
   1.7885678e-03
   1.6284296e-03
   1.8560438e-03
   2.3290063e-03
   1.9967067e-03
   1.5961062e-03
   1.2035986e-03
   9.1367618e-04
   9.8047785e-04
   1.0751943e-03
   1.1630951e-03
   1.4221761e-03
   1.6985965e-03
   1.6334887e-03
   1.7759622e-03
   1.7047797e-03
   6.8863867e+01
   1.5444391e+00
   8.8045263e-01
   6.4817812e-01
   5.2099829e-01
   4.3852161e-01
   3.7314644e-01
   3.2009608e-01
   2.7869381e-01
   2.4627792e-01
   2.1182029e-01
   1.8304265e-01
   1.5702075e-01
   1.3636239e-01
   1.1719999e-01
   1.0031687e-01
   8.3642677e-02
   7.0678285e-02
   5.9619790e-02
   4.9398843e-02
   3.9087898e-02
   3.2235372e-02
   2.8221725e-02
   2.2274594e-02
   1.8290764e-02
   1.5417539e-02
   1.2476247e-02
   1.0186356e-02
   8.2897502e-03
   7.5631521e-03
   5.6426372e-03
   4.4167229e-03
   3.6269635e-03
   3.2801939e-03
   2.8948612e-03
   3.8334656e-03
   3.4200246e-03
   3.1427050e-03
   2.7913885e-03
   2.6105010e-03
   2.4850359e-03
   2.3602987e-03
   2.2205711e-03
   2.2322386e-03
   2.0703367e-03
   1.9337209e-03
   1.9585701e-03
   1.7539408e-03
   1.5938319e-03
   1.5315805e-03
   1.7043543e-03
   1.8839270e-03
   2.1511536e-03
   2.1216491e-03
   2.0298982e-03
   1.7526373e-03
   6.9062696e+01
   1.5312548e+00
   8.9068208e-01
   6.5315094e-01
   5.3070061e-01
   4.4094866e-01
   3.7934847e-01
   3.2326963e-01
   2.8453972e-01
   2.5183354e-01
   2.1349073e-01
   1.8538505e-01
   1.5474956e-01
   1.3723340e-01
   1.1703555e-01
   9.7227915e-02
   8.3925456e-02
   6.7237739e-02
   5.8588243e-02
   4.9490169e-02
   3.9067570e-02
   3.2859621e-02
   2.8476508e-02
   2.2729402e-02
   1.8612794e-02
   1.4724328e-02
   1.1377792e-02
   1.0042524e-02
   7.7686197e-03
   7.5661286e-03
   6.3263145e-03
   5.1074955e-03
   4.1166161e-03
   3.8471341e-03
   3.3997936e-03
   3.1145034e-03
   2.7056457e-03
   2.8851332e-03
   2.9556489e-03
   2.5609633e-03
   2.3438278e-03
   2.7054658e-03
   2.9990422e-03
   2.8144493e-03
   2.5352764e-03
   2.4869847e-03
   2.2765135e-03
   2.0996418e-03
   2.7136937e-03
   2.2986151e-03
   2.0514498e-03
   1.8970116e-03
   2.6774479e-03
   2.3718158e-03
   2.0028735e-03
   1.9841286e-03
   6.8884803e+01
   1.5562365e+00
   8.9865321e-01
   6.5161399e-01
   5.2827344e-01
   4.4972310e-01
   3.7207685e-01
   3.2829920e-01
   2.8008905e-01
   2.4775811e-01
   2.1706511e-01
   1.8515910e-01
   1.5691011e-01
   1.3736794e-01
   1.1837709e-01
   9.9515780e-02
   8.2912451e-02
   6.7161579e-02
   5.8158347e-02
   4.7198153e-02
   3.9341026e-02
   3.2440154e-02
   2.8948199e-02
   2.4949633e-02
   2.0464759e-02
   1.5506906e-02
   1.0873507e-02
   7.0503809e-03
   6.0865504e-03
   5.5134453e-03
   5.2814522e-03
   5.1602883e-03
   4.2017363e-03
   1.9405699e-03
   2.0074024e-03
   3.5795601e-03
   3.8054533e-03
   3.6917769e-03
   3.6400845e-03
   3.4018851e-03
   3.1207381e-03
   2.2476252e-03
   1.7914139e-03
   2.7818252e-03
   2.5887925e-03
   3.0133494e-03
   3.1413608e-03
   2.5921898e-03
   2.5413197e-03
   2.7149569e-03
   2.5496649e-03
   2.5977977e-03
   2.7278083e-03
   2.0897409e-03
   2.1360078e-03
   1.9528379e-03
   6.9024103e+01
   1.5410652e+00
   9.0064707e-01
   6.5592674e-01
   5.2521620e-01
   4.4232433e-01
   3.7304193e-01
   3.2577348e-01
   2.7820775e-01
   2.4158272e-01
   2.1133628e-01
   1.8229658e-01
   1.5770828e-01
   1.3646541e-01
   1.1607519e-01
   9.9291605e-02
   8.1988781e-02
   7.0242776e-02
   5.8129177e-02
   4.7676043e-02
   3.8828845e-02
   3.3234825e-02
   2.7153108e-02
   2.1096115e-02
   1.7570807e-02
   1.5011082e-02
   1.0650387e-02
   8.6352939e-03
   7.5271256e-03
   7.2769286e-03
   5.6997059e-03
   4.6383455e-03
   3.6364251e-03
   3.4517381e-03
   3.7292798e-03
   3.9811066e-03
   3.3442515e-03
   2.8902988e-03
   2.8938329e-03
   2.8303901e-03
   2.4579819e-03
   2.0805617e-03
   1.6307998e-03
   2.2863917e-03
   2.0223884e-03
   1.7975056e-03
   1.5549440e-03
   1.4961485e-03
   1.4449650e-03
   1.3489747e-03
   1.5680729e-03
   1.5250212e-03
   1.1421179e-03
   1.0342154e-03
   1.0057887e-03
   6.0462765e-04
   6.9176884e+01
   1.5765201e+00
   9.5565246e-01
   7.0594672e-01
   5.6185078e-01
   4.4993119e-01
   4.0127026e-01
   3.4907818e-01
   3.0982431e-01
   2.3910936e-01
   2.1912314e-01
   1.9051472e-01
   1.6040438e-01
   1.4116892e-01
   1.2014334e-01
   1.0219145e-01
   8.4359825e-02
   7.2384181e-02
   5.8383116e-02
   5.1218065e-02
   4.5745018e-02
   3.1637795e-02
   2.8564310e-02
   2.5510647e-02
   2.0769379e-02
   1.6393452e-02
   1.4686263e-02
   1.0505146e-02
   8.4883318e-03
   7.7271222e-03
   7.0646075e-03
   6.1028645e-03
   5.4838835e-03
   5.6435116e-03
   4.4640455e-03
   4.6027770e-03
   3.2218922e-03
   3.7880004e-03
   2.7733889e-03
   3.7068425e-03
   3.6083819e-03
   3.8672369e-03
   4.1473541e-03
   4.0237263e-03
   3.4709817e-03
   3.2822902e-03
   2.4139505e-03
   3.1546115e-03
   3.3317855e-03
   2.9089363e-03
   3.0434558e-03
   3.0844949e-03
   3.9344756e-03
   3.7138659e-03
   3.4191748e-03
   2.7329694e-03
   7.2122915e+01
   1.5385555e+00
   9.0094407e-01
   6.5963270e-01
   5.3205074e-01
   4.3705984e-01
   3.8581727e-01
   3.3743800e-01
   2.8639994e-01
   2.3622532e-01
   2.1249145e-01
   1.8352598e-01
   1.5832018e-01
   1.3555952e-01
   1.1937651e-01
   1.0076114e-01
   8.3874228e-02
   7.0337600e-02
   5.9820971e-02
   5.0779717e-02
   4.2896758e-02
   3.3543540e-02
   2.8829299e-02
   2.4956674e-02
   1.9889238e-02
   1.5301242e-02
   1.2224557e-02
   1.0701168e-02
   8.2947643e-03
   7.4176310e-03
   6.3781137e-03
   5.4617697e-03
   4.9139044e-03
   4.1836221e-03
   4.2699636e-03
   3.4784302e-03
   3.0120092e-03
   2.8401881e-03
   3.2651189e-03
   2.9667987e-03
   3.3003093e-03
   2.4802640e-03
   2.2343527e-03
   2.0338554e-03
   2.2928412e-03
   2.1247712e-03
   2.8243505e-03
   2.8108807e-03
   2.5562919e-03
   2.5746819e-03
   1.7191455e-03
   2.1411635e-03
   2.5611314e-03
   2.5989288e-03
   2.2858326e-03
   1.7246011e-03
   6.9219125e+01
   1.5858870e+00
   9.3278707e-01
   6.8122675e-01
   5.4853745e-01
   4.5945128e-01
   3.8834127e-01
   3.3779463e-01
   2.9041530e-01
   2.5392197e-01
   2.2040313e-01
   1.8977080e-01
   1.6240676e-01
   1.3734274e-01
   1.2021920e-01
   1.0196268e-01
   8.6794860e-02
   7.1454381e-02
   6.0637890e-02
   5.0743797e-02
   3.9996286e-02
   3.5380979e-02
   2.9079323e-02
   2.3043998e-02
   1.9748535e-02
   1.5609235e-02
   1.2868234e-02
   1.0904858e-02
   8.3223088e-03
   6.9680511e-03
   5.3681894e-03
   5.0106821e-03
   4.2806898e-03
   3.5574946e-03
   2.8975278e-03
   2.9211049e-03
   3.0471252e-03
   3.2348694e-03
   3.1260642e-03
   2.4842448e-03
   2.6558013e-03
   2.7829258e-03
   1.8948162e-03
   2.2034983e-03
   2.6475609e-03
   2.4431170e-03
   2.2421716e-03
   2.0553688e-03
   2.4405444e-03
   2.3825908e-03
   2.9193258e-03
   1.5722150e-03
   2.3226585e-03
   2.4330721e-03
   2.1494884e-03
   1.6061990e-03
   7.0252741e+01
   1.5353221e+00
   9.0963015e-01
   6.6847591e-01
   5.3827164e-01
   4.3583104e-01
   3.8198091e-01
   3.2831770e-01
   2.9015219e-01
   2.4047436e-01
   2.1437057e-01
   1.8432009e-01
   1.5777869e-01
   1.3860811e-01
   1.1629943e-01
   9.8897821e-02
   8.3102914e-02
   7.0888175e-02
   5.7439897e-02
   4.9179613e-02
   4.0227475e-02
   3.2965476e-02
   2.7486576e-02
   2.2299477e-02
   1.8079403e-02
   1.5219175e-02
   1.2273913e-02
   9.2746472e-03
   7.2889419e-03
   6.2692105e-03
   5.4090598e-03
   4.4874698e-03
   4.0355062e-03
   3.2942921e-03
   3.2040288e-03
   2.7998316e-03
   3.0613681e-03
   2.3826401e-03
   2.0711760e-03
   2.2954040e-03
   2.4607029e-03
   2.6743607e-03
   2.8136609e-03
   2.2489525e-03
   2.1802159e-03
   2.0313862e-03
   2.0596377e-03
   1.9736535e-03
   2.1709348e-03
   2.1890270e-03
   2.0682704e-03
   2.1631739e-03
   2.1384729e-03
   2.0927874e-03
   2.1015172e-03
   1.8426047e-03
   7.2084428e+01
   1.5619190e+00
   9.1522106e-01
   6.8339720e-01
   5.4435006e-01
   4.4994138e-01
   3.8659094e-01
   3.3844583e-01
   2.9398072e-01
   2.4684002e-01
   2.1817688e-01
   1.8784564e-01
   1.6135787e-01
   1.4127582e-01
   1.2046641e-01
   1.0269367e-01
   8.5603704e-02
   7.1633287e-02
   6.0178406e-02
   5.0287484e-02
   4.3100755e-02
   3.3824392e-02
   2.7829344e-02
   2.3789007e-02
   1.9259362e-02
   1.5416947e-02
   1.3416704e-02
   9.6619296e-03
   8.0500522e-03
   7.6815652e-03
   5.8030627e-03
   4.9956203e-03
   4.3773955e-03
   4.1148503e-03
   3.6160853e-03
   3.4147780e-03
   3.3201970e-03
   3.0083117e-03
   3.1169709e-03
   3.1766728e-03
   3.0484870e-03
   2.9816835e-03
   2.2260450e-03
   2.3866468e-03
   2.6298529e-03
   2.4242801e-03
   2.3555793e-03
   2.4535152e-03
   2.5615657e-03
   2.5477706e-03
   2.3765084e-03
   2.4905320e-03
   2.3882377e-03
   2.8023229e-03
   2.5534980e-03
   2.2096944e-03
   6.9266349e+01
   1.3848566e+00
   8.2270014e-01
   6.1077575e-01
   5.0023072e-01
   4.1917518e-01
   3.5949548e-01
   3.1281137e-01
   2.7058550e-01
   2.3899726e-01
   2.0973236e-01
   1.8353487e-01
   1.5901153e-01
   1.3346186e-01
   1.1766666e-01
   9.9287987e-02
   8.3168448e-02
   6.9559319e-02
   5.8826828e-02
   4.8768097e-02
   4.2076598e-02
   3.2761941e-02
   2.7621550e-02
   2.3162151e-02
   1.8090987e-02
   1.5212369e-02
   1.2314478e-02
   9.1914621e-03
   7.3500676e-03
   7.2279088e-03
   6.1022386e-03
   5.1075533e-03
   4.2396974e-03
   3.9246161e-03
   3.9043477e-03
   3.8455204e-03
   3.3839465e-03
   3.1658044e-03
   3.6350406e-03
   3.2558190e-03
   3.6347021e-03
   3.3618960e-03
   2.5125725e-03
   2.6494932e-03
   2.5899557e-03
   2.9002749e-03
   2.9820155e-03
   2.8054127e-03
   2.9369700e-03
   2.9023796e-03
   2.7436329e-03
   2.7507815e-03
   2.8327133e-03
   3.0873024e-03
   2.5302219e-03
   2.8537840e-03
   7.0382291e+01
   1.6800503e+00
   9.7436632e-01
   7.0814091e-01
   5.6404877e-01
   4.7756058e-01
   3.9372481e-01
   3.5173955e-01
   2.9737579e-01
   2.5388984e-01
   2.2458802e-01
   1.9473588e-01
   1.6692827e-01
   1.4365796e-01
   1.2474233e-01
   1.0576452e-01
   8.7419206e-02
   7.2954998e-02
   6.2185587e-02
   5.2428697e-02
   4.5455123e-02
   3.3817618e-02
   2.9455160e-02
   2.5088971e-02
   2.0539855e-02
   1.6859778e-02
   1.4271594e-02
   1.0712826e-02
   8.9651551e-03
   8.6866343e-03
   7.2356103e-03
   6.0046662e-03
   4.9424352e-03
   4.2469931e-03
   4.3372712e-03
   4.2807874e-03
   4.4905500e-03
   3.7117937e-03
   3.9600524e-03
   4.0461781e-03
   3.4615540e-03
   3.6749055e-03
   3.6102850e-03
   3.2723883e-03
   3.5588969e-03
   3.4034003e-03
   3.5507180e-03
   3.5798084e-03
   3.8434293e-03
   3.2556093e-03
   3.1859275e-03
   3.4445305e-03
   2.8617918e-03
   3.3414749e-03
   3.4139111e-03
   3.1760464e-03
   7.0630803e+01
   1.5699612e+00
   9.3621803e-01
   6.8251489e-01
   5.4634800e-01
   4.5629712e-01
   3.8921328e-01
   3.3107517e-01
   2.9354486e-01
   2.5395566e-01
   2.2036982e-01
   1.9090067e-01
   1.6399783e-01
   1.4182486e-01
   1.2109432e-01
   1.0287951e-01
   8.9637693e-02
   7.5249285e-02
   6.1984638e-02
   5.2510595e-02
   4.3356979e-02
   3.5004355e-02
   2.9412319e-02
   2.3655983e-02
   1.9338133e-02
   1.7265506e-02
   1.4321216e-02
   1.1521970e-02
   9.4237088e-03
   8.7110794e-03
   7.5100668e-03
   6.2433049e-03
   5.2616984e-03
   4.4284859e-03
   4.9562850e-03
   4.7138357e-03
   4.8444052e-03
   3.9320179e-03
   3.7146595e-03
   3.5262763e-03
   3.5917771e-03
   3.7826637e-03
   3.6209609e-03
   3.2742720e-03
   3.5573925e-03
   3.2443763e-03
   3.7870596e-03
   3.7880662e-03
   3.1784644e-03
   2.6695814e-03
   3.0869634e-03
   3.7302382e-03
   2.6868073e-03
   3.1203700e-03
   3.6920660e-03
   2.8432414e-03
   6.9633098e+01
   1.5751772e+00
   9.3117017e-01
   6.7834643e-01
   5.3736766e-01
   4.6043050e-01
   3.7881061e-01
   3.3401164e-01
   2.8722400e-01
   2.4403912e-01
   2.1749199e-01
   1.8874573e-01
   1.6253287e-01
   1.3917328e-01
   1.2058764e-01
   1.0314301e-01
   8.6822261e-02
   7.2877741e-02
   6.0754147e-02
   5.1153629e-02
   4.2098578e-02
   3.6066494e-02
   2.9269836e-02
   2.4549794e-02
   2.0157036e-02
   1.5739393e-02
   1.3108548e-02
   1.1174435e-02
   9.6224144e-03
   7.5310527e-03
   6.1896440e-03
   5.3550108e-03
   5.0658695e-03
   4.1897498e-03
   3.9178320e-03
   3.7564997e-03
   3.6076016e-03
   3.5955655e-03
   3.1174129e-03
   2.3855207e-03
   2.6848743e-03
   3.3205219e-03
   2.8787224e-03
   2.7338161e-03
   2.7229005e-03
   2.9385066e-03
   2.8260661e-03
   2.9383975e-03
   2.8349370e-03
   2.8513541e-03
   2.9403903e-03
   2.7085564e-03
   2.8430243e-03
   2.6838959e-03
   2.9909790e-03
   2.7520649e-03
   7.0452749e+01
   1.6618942e+00
   9.8145651e-01
   7.0138444e-01
   5.4994888e-01
   4.5893913e-01
   3.8281963e-01
   3.3015512e-01
   2.9140536e-01
   2.4738105e-01
   2.1994362e-01
   1.9315449e-01
   1.6423606e-01
   1.4007088e-01
   1.2437267e-01
   1.0494769e-01
   8.9564761e-02
   7.6055363e-02
   6.4300133e-02
   5.2714265e-02
   4.4959159e-02
   3.9298262e-02
   3.1918387e-02
   2.6312343e-02
   2.2624083e-02
   1.8153276e-02
   1.5124355e-02
   1.3132153e-02
   1.0946670e-02
   9.7442381e-03
   7.9023829e-03
   7.1473068e-03
   6.0568887e-03
   6.2966888e-03
   5.7693161e-03
   5.1373224e-03
   4.7074576e-03
   4.2003607e-03
   4.4638319e-03
   4.4676584e-03
   3.9122794e-03
   3.7353112e-03
   3.4739438e-03
   3.6516821e-03
   4.0439664e-03
   3.6442922e-03
   4.2063489e-03
   4.0894611e-03
   3.5697716e-03
   3.6909456e-03
   3.3356751e-03
   3.8116734e-03
   2.9693395e-03
   3.4818563e-03
   3.5265375e-03
   2.7784851e-03
   7.0729414e+01
   1.4125668e+00
   8.4333156e-01
   6.2333012e-01
   5.0956945e-01
   4.3644325e-01
   3.7336707e-01
   3.2200814e-01
   2.8663862e-01
   2.5842316e-01
   2.2234432e-01
   1.9427290e-01
   1.6993829e-01
   1.4522080e-01
   1.2569035e-01
   1.0686093e-01
   9.1665271e-02
   7.5477456e-02
   6.4346524e-02
   5.3740858e-02
   4.4673975e-02
   3.7163053e-02
   3.1449031e-02
   2.6219563e-02
   2.1566679e-02
   1.7554433e-02
   1.4017453e-02
   1.1819571e-02
   1.0023828e-02
   8.1583752e-03
   7.2320784e-03
   6.5394825e-03
   5.8038476e-03
   4.7750056e-03
   4.9230966e-03
   3.7482749e-03
   4.1350105e-03
   4.0288023e-03
   3.3467653e-03
   3.4750858e-03
   3.2348459e-03
   3.5962695e-03
   3.4313301e-03
   3.3748538e-03
   3.6886756e-03
   3.5362281e-03
   3.4899081e-03
   3.2740590e-03
   3.1218213e-03
   3.4161923e-03
   3.3748208e-03
   3.5477365e-03
   3.1298851e-03
   3.3573422e-03
   2.8954844e-03
   2.9087148e-03
   7.1874008e+01
   1.7831712e+00
   9.6951662e-01
   6.8568672e-01
   5.4910930e-01
   4.4711839e-01
   3.8546197e-01
   3.2443490e-01
   2.9250447e-01
   2.4935693e-01
   2.1844838e-01
   1.8861974e-01
   1.6400294e-01
   1.3976257e-01
   1.2200057e-01
   1.0346697e-01
   8.8814087e-02
   7.5266242e-02
   6.3070607e-02
   5.2504144e-02
   4.1971288e-02
   3.7994857e-02
   3.1038085e-02
   2.4811232e-02
   2.0447976e-02
   1.7953917e-02
   1.3829628e-02
   1.2600106e-02
   1.0446221e-02
   8.7790476e-03
   7.8604008e-03
   6.6621860e-03
   6.1138125e-03
   5.5985898e-03
   5.3969371e-03
   4.6774883e-03
   4.2880861e-03
   4.6068401e-03
   4.6306295e-03
   4.0925014e-03
   4.3738765e-03
   4.0340475e-03
   3.7835927e-03
   4.2206674e-03
   3.9496889e-03
   4.1023976e-03
   3.8298753e-03
   4.0604210e-03
   3.9457674e-03
   3.6522777e-03
   3.8755004e-03
   3.9768850e-03
   3.9435627e-03
   3.8611585e-03
   3.6641746e-03
   3.7928603e-03
   7.1256385e+01
   1.5327289e+00
   9.1106155e-01
   6.8167295e-01
   5.4917056e-01
   4.5506231e-01
   3.9112718e-01
   3.4610783e-01
   2.9837608e-01
   2.5002009e-01
   2.2319865e-01
   1.9315065e-01
   1.6526153e-01
   1.4375936e-01
   1.2517725e-01
   1.0613077e-01
   8.8990360e-02
   7.4965045e-02
   6.2970888e-02
   5.3198448e-02
   4.6889455e-02
   3.5476058e-02
   3.1168620e-02
   2.6746030e-02
   2.1901380e-02
   1.7028134e-02
   1.4472121e-02
   1.1722567e-02
   9.7811713e-03
   9.2077716e-03
   7.6752479e-03
   6.9714140e-03
   5.9277766e-03
   5.7843050e-03
   5.4999398e-03
   4.6595022e-03
   4.7283028e-03
   4.2905362e-03
   4.4448758e-03
   4.0510201e-03
   3.7485348e-03
   3.9575065e-03
   3.8476615e-03
   4.3105402e-03
   3.7238696e-03
   3.9310694e-03
   3.5829168e-03
   3.7803055e-03
   3.8194532e-03
   3.6871617e-03
   3.4165257e-03
   4.0216308e-03
   3.7955361e-03
   3.8972204e-03
   3.4819009e-03
   3.2936183e-03
