   1.3614389e+01
   1.3329411e+00
   8.6623973e-01
   6.4028478e-01
   5.2672135e-01
   4.2645548e-01
   3.7917627e-01
   3.3234297e-01
   2.8832736e-01
   2.3396266e-01
   2.1765738e-01
   1.8879759e-01
   1.6493871e-01
   1.4414979e-01
   1.2553628e-01
   1.0513526e-01
   9.2161132e-02
   7.7979213e-02
   6.6398589e-02
   5.7551534e-02
   4.9279886e-02
   4.1812201e-02
   3.2387222e-02
   2.8582064e-02
   2.5948207e-02
   2.1214862e-02
   1.7709644e-02
   1.5162714e-02
   1.3981600e-02
   1.3378415e-02
   1.0187191e-02
   1.1365619e-02
   9.5493240e-03
   9.3635369e-03
   9.1794613e-03
   7.8200054e-03
   8.1866281e-03
   8.1584935e-03
   7.5005311e-03
   7.4142361e-03
   7.0297384e-03
   7.3573426e-03
   7.4357098e-03
   7.6628488e-03
   8.0157873e-03
   8.5536589e-03
   9.0178784e-03
   9.2858684e-03
   9.3073781e-03
   9.2089274e-03
   9.2902213e-03
   9.3623059e-03
   9.4574404e-03
   9.5404255e-03
   9.6214632e-03
   9.7417677e-03
   1.1194124e+01
   1.4171340e+00
   9.0279023e-01
   6.8245719e-01
   5.5197009e-01
   4.6923964e-01
   3.9187429e-01
   3.3481500e-01
   2.9004350e-01
   2.5631586e-01
   2.2181456e-01
   1.9410089e-01
   1.6749389e-01
   1.4323963e-01
   1.2661324e-01
   1.0808517e-01
   9.3488039e-02
   7.9380467e-02
   6.7669203e-02
   5.7671852e-02
   4.9113018e-02
   4.0880601e-02
   3.6004829e-02
   2.8857080e-02
   2.6255556e-02
   2.2005871e-02
   1.9332360e-02
   1.5644521e-02
   1.4315900e-02
   1.4138601e-02
   1.2233848e-02
   1.3366600e-02
   1.1744441e-02
   1.2063932e-02
   1.1451903e-02
   1.2083178e-02
   1.1947154e-02
   1.2010972e-02
   1.3028768e-02
   1.3813592e-02
   1.4510878e-02
   1.4051237e-02
   1.4667806e-02
   1.5019825e-02
   1.5623355e-02
   1.6380373e-02
   1.6897985e-02
   1.7460634e-02
   1.7761131e-02
   1.7977188e-02
   1.8166184e-02
   1.8033475e-02
   1.7825224e-02
   1.7925433e-02
   1.7878641e-02
   1.7929511e-02
   1.2418643e+01
   1.3920378e+00
   8.9612627e-01
   6.7765595e-01
   5.5076452e-01
   4.6294668e-01
   3.9352124e-01
   3.4187488e-01
   2.9513477e-01
   2.5211405e-01
   2.2476276e-01
   1.9375075e-01
   1.6673467e-01
   1.4293888e-01
   1.2600480e-01
   1.0928897e-01
   9.1699354e-02
   7.9260213e-02
   6.7782921e-02
   5.7367495e-02
   4.8228033e-02
   4.0701757e-02
   3.5043189e-02
   2.8818063e-02
   2.5089832e-02
   2.0881929e-02
   1.7327988e-02
   1.4033712e-02
   1.1544136e-02
   9.0375724e-03
   8.8081862e-03
   6.6119628e-03
   6.3535865e-03
   5.4621778e-03
   5.9524625e-03
   5.6747429e-03
   5.4524953e-03
   6.0793117e-03
   5.7091795e-03
   5.8781100e-03
   6.1558627e-03
   6.1096658e-03
   6.4345560e-03
   6.9095918e-03
   7.6718827e-03
   8.3074750e-03
   8.7289024e-03
   8.5792381e-03
   8.6455832e-03
   8.3972288e-03
   8.4942419e-03
   8.3197973e-03
   8.1583195e-03
   8.1725858e-03
   7.8030003e-03
   7.4178388e-03
   1.4763775e+01
   1.4016760e+00
   8.7574073e-01
   6.8582389e-01
   5.4667511e-01
   4.8032114e-01
   4.0454918e-01
   3.4445729e-01
   2.9796988e-01
   2.7604870e-01
   2.2542833e-01
   1.9492831e-01
   1.7019280e-01
   1.4440323e-01
   1.2796765e-01
   1.0994243e-01
   9.2790047e-02
   8.2282504e-02
   6.8119412e-02
   5.6155072e-02
   4.9235416e-02
   4.3094468e-02
   3.4541966e-02
   3.3422632e-02
   2.8620037e-02
   2.7057149e-02
   2.3594398e-02
   2.4787287e-02
   2.2058095e-02
   2.0663295e-02
   2.0572080e-02
   1.9292230e-02
   1.9217357e-02
   1.8102049e-02
   1.7392878e-02
   1.6577973e-02
   1.6405414e-02
   1.6042188e-02
   1.5534039e-02
   1.5733172e-02
   1.4976715e-02
   1.5367214e-02
   1.5283651e-02
   1.4777530e-02
   1.4465349e-02
   1.4271749e-02
   1.4348142e-02
   1.4484968e-02
   1.5247194e-02
   1.5391019e-02
   1.5635050e-02
   1.5494582e-02
   1.5365672e-02
   1.5517548e-02
   1.5396990e-02
   1.5212213e-02
   1.5781813e+01
   1.5669002e+00
   9.9027276e-01
   7.5303886e-01
   5.9084177e-01
   5.0357977e-01
   4.2596302e-01
   3.6316487e-01
   3.2128787e-01
   2.7890009e-01
   2.3138755e-01
   2.0236190e-01
   1.7543816e-01
   1.5224382e-01
   1.3051918e-01
   1.1343439e-01
   9.5964399e-02
   8.1516757e-02
   6.8047035e-02
   5.8097842e-02
   5.0150917e-02
   4.1902250e-02
   3.7270730e-02
   3.0440794e-02
   2.7485639e-02
   2.2855095e-02
   1.9430574e-02
   1.6572614e-02
   1.3472483e-02
   1.3024348e-02
   1.2734244e-02
   1.2101271e-02
   1.1773691e-02
   1.0822006e-02
   9.7269049e-03
   9.7891021e-03
   9.0674642e-03
   8.6692059e-03
   8.4284383e-03
   7.7274308e-03
   7.0925774e-03
   7.6117973e-03
   6.8322488e-03
   6.4297121e-03
   5.7452400e-03
   5.1585235e-03
   4.7290641e-03
   4.1896072e-03
   3.8096343e-03
   3.6183499e-03
   3.8496555e-03
   4.4295285e-03
   4.9935411e-03
   4.8360918e-03
   5.4171262e-03
   5.8834442e-03
   1.5278800e+01
   1.3153493e+00
   8.2405353e-01
   6.3848012e-01
   5.2510244e-01
   4.5417868e-01
   3.7250546e-01
   3.2261278e-01
   2.8041926e-01
   2.6022705e-01
   2.1558799e-01
   1.9000577e-01
   1.6328218e-01
   1.3824222e-01
   1.2205897e-01
   1.0656727e-01
   9.2292298e-02
   7.8796003e-02
   6.5253126e-02
   5.6193730e-02
   4.6906695e-02
   4.0026576e-02
   3.7311750e-02
   2.8540956e-02
   2.6066448e-02
   2.1978758e-02
   1.9156807e-02
   1.5055980e-02
   1.5372168e-02
   1.3096587e-02
   1.2809396e-02
   1.1307759e-02
   1.0097919e-02
   1.0450530e-02
   9.6698936e-03
   1.1065185e-02
   1.1196759e-02
   1.0020812e-02
   1.0009125e-02
   1.0220823e-02
   9.5435808e-03
   9.8765739e-03
   1.0000191e-02
   1.0601718e-02
   1.1155333e-02
   1.2116632e-02
   1.2609970e-02
   1.2812856e-02
   1.3411977e-02
   1.3840533e-02
   1.4107299e-02
   1.4443027e-02
   1.4319231e-02
   1.4039823e-02
   1.4172312e-02
   1.4065321e-02
   1.5470767e+01
   1.4249044e+00
   9.0952652e-01
   6.7096473e-01
   5.5225619e-01
   4.3630129e-01
   3.8713027e-01
   3.3072421e-01
   2.8536809e-01
   2.4230040e-01
   2.2051425e-01
   1.9041620e-01
   1.6264802e-01
   1.4161934e-01
   1.2380085e-01
   1.0621968e-01
   9.2972882e-02
   7.7550032e-02
   6.5354516e-02
   5.6660156e-02
   4.6563792e-02
   3.8953173e-02
   3.3308323e-02
   2.7280467e-02
   2.4765729e-02
   2.0838716e-02
   1.9013860e-02
   1.5665504e-02
   1.5431923e-02
   1.1461579e-02
   1.0939367e-02
   8.9136526e-03
   8.7487787e-03
   8.0235174e-03
   7.5221654e-03
   7.4302695e-03
   6.5914489e-03
   6.3107983e-03
   5.2373917e-03
   3.9383935e-03
   5.2280215e-03
   5.0436368e-03
   5.2487335e-03
   5.5295124e-03
   5.3654708e-03
   4.9163338e-03
   4.2332524e-03
   3.8124147e-03
   4.3411252e-03
   4.5644433e-03
   4.9953703e-03
   5.5159628e-03
   5.8855159e-03
   5.2683347e-03
   5.7432735e-03
   6.3468676e-03
   1.4871778e+01
   1.2503473e+00
   7.8472994e-01
   6.1437253e-01
   4.9411976e-01
   4.2844388e-01
   3.6459527e-01
   3.1800441e-01
   2.7828579e-01
   2.4427338e-01
   2.0957472e-01
   1.8053559e-01
   1.6107258e-01
   1.3609810e-01
   1.1809650e-01
   1.0189851e-01
   8.7411863e-02
   7.5536345e-02
   6.2752741e-02
   5.2318184e-02
   4.3874023e-02
   3.6682720e-02
   3.1340887e-02
   2.5871927e-02
   2.3328338e-02
   2.0011080e-02
   1.7229345e-02
   1.5915802e-02
   1.4189916e-02
   1.2025134e-02
   9.4315881e-03
   9.3678199e-03
   8.3027121e-03
   7.7745329e-03
   9.5067618e-03
   9.3455181e-03
   8.2308489e-03
   1.0565634e-02
   1.2314360e-02
   1.1734782e-02
   1.2339437e-02
   1.1558785e-02
   1.1106031e-02
   1.1151985e-02
   1.0651255e-02
   1.1254907e-02
   1.1304633e-02
   1.0807038e-02
   1.0346370e-02
   9.4347012e-03
   1.0028852e-02
   9.8811288e-03
   1.0448999e-02
   9.9329711e-03
   9.4015689e-03
   9.0901011e-03
   1.5251432e+01
   1.2759503e+00
   8.7740116e-01
   6.3727412e-01
   5.0550871e-01
   4.0850309e-01
   3.7964955e-01
   3.3780667e-01
   2.9055012e-01
   2.1726418e-01
   2.1889786e-01
   1.8823790e-01
   1.6629493e-01
   1.4297174e-01
   1.2463357e-01
   1.0474410e-01
   9.2939693e-02
   7.7625269e-02
   6.8980748e-02
   6.0389028e-02
   5.0118872e-02
   4.6446616e-02
   4.0134808e-02
   3.5836988e-02
   3.3975842e-02
   2.9295345e-02
   2.9600955e-02
   2.8094104e-02
   2.7407933e-02
   2.7560270e-02
   2.7802167e-02
   2.4637745e-02
   2.4317092e-02
   2.4044493e-02
   2.4626796e-02
   2.5498289e-02
   2.3312997e-02
   2.5988334e-02
   2.6181447e-02
   2.4698998e-02
   2.5270258e-02
   2.5517668e-02
   2.5577679e-02
   2.5501106e-02
   2.4863964e-02
   2.3207331e-02
   2.1785914e-02
   2.0973646e-02
   2.0836891e-02
   2.1286319e-02
   2.2102351e-02
   2.2943023e-02
   2.3668970e-02
   2.3230253e-02
   2.4369764e-02
   2.5489827e-02
   1.4980557e+01
   1.4004613e+00
   8.6602396e-01
   6.4918358e-01
   5.5126152e-01
   4.5193809e-01
   3.7883723e-01
   3.2268482e-01
   2.8677686e-01
   2.5838067e-01
   2.2031513e-01
   1.9324665e-01
   1.6887040e-01
   1.4451625e-01
   1.2513115e-01
   1.0869287e-01
   9.1588999e-02
   7.9137142e-02
   6.7211313e-02
   5.6305236e-02
   4.7783597e-02
   4.1133051e-02
   3.5443577e-02
   3.0854402e-02
   2.6547038e-02
   2.2097755e-02
   1.8452582e-02
   1.7215640e-02
   1.4913397e-02
   1.2637385e-02
   1.2627634e-02
   1.4282764e-02
   1.2577186e-02
   1.1429737e-02
   1.2326244e-02
   1.1803570e-02
   1.1901448e-02
   1.0864791e-02
   1.1631519e-02
   1.1652074e-02
   1.3168315e-02
   1.2697268e-02
   1.3115054e-02
   1.3474149e-02
   1.3786585e-02
   1.3181535e-02
   1.2444090e-02
   1.1608235e-02
   1.1124085e-02
   1.1180202e-02
   1.0484375e-02
   9.7083102e-03
   9.1310955e-03
   9.7593175e-03
   9.2838499e-03
   8.7742370e-03
   1.5081461e+01
   1.3540633e+00
   8.4795109e-01
   6.4029519e-01
   5.3449801e-01
   4.4946162e-01
   3.7647045e-01
   3.2407549e-01
   2.8580878e-01
   2.5619889e-01
   2.1967209e-01
   1.9161164e-01
   1.6519945e-01
   1.4280217e-01
   1.2447118e-01
   1.0780185e-01
   9.1753900e-02
   7.8096817e-02
   6.7621720e-02
   5.6989565e-02
   4.6992985e-02
   4.0782186e-02
   3.5695457e-02
   3.0918339e-02
   2.6688916e-02
   2.2053879e-02
   1.7793640e-02
   1.5829684e-02
   1.3254592e-02
   1.1377653e-02
   1.1885171e-02
   1.0351067e-02
   9.8222817e-03
   1.0333943e-02
   9.6977411e-03
   8.5933613e-03
   9.1199172e-03
   1.0347451e-02
   1.0026167e-02
   9.0632978e-03
   1.0241047e-02
   1.0140354e-02
   1.0258340e-02
   1.0684233e-02
   1.0436637e-02
   1.0291003e-02
   1.0178298e-02
   1.0320365e-02
   1.0367025e-02
   1.0021782e-02
   1.0005423e-02
   9.6356808e-03
   9.3843555e-03
   9.4336867e-03
   9.3136572e-03
   9.3482951e-03
   1.4474859e+01
   1.3371946e+00
   8.4946284e-01
   6.3638433e-01
   5.2432173e-01
   4.3739905e-01
   3.7613497e-01
   3.2574683e-01
   2.8239819e-01
   2.4523418e-01
   2.1901672e-01
   1.9082298e-01
   1.6472789e-01
   1.4418327e-01
   1.2446809e-01
   1.0600029e-01
   9.2375024e-02
   7.8136227e-02
   6.7068836e-02
   5.8549743e-02
   4.7580153e-02
   4.1111618e-02
   3.3874010e-02
   2.7462825e-02
   2.5647894e-02
   2.0810923e-02
   1.7720024e-02
   1.4834670e-02
   1.3521368e-02
   1.1021287e-02
   1.0461840e-02
   8.9841668e-03
   8.9368958e-03
   8.9977743e-03
   9.2990299e-03
   8.8084750e-03
   8.6780522e-03
   8.4007501e-03
   8.1412017e-03
   7.9049015e-03
   6.9092442e-03
   7.0693495e-03
   6.4363137e-03
   5.8850162e-03
   5.2164908e-03
   4.6638298e-03
   4.3756834e-03
   4.3009912e-03
   4.4183854e-03
   4.5254786e-03
   4.1651344e-03
   3.8284172e-03
   3.7574556e-03
   3.9604084e-03
   3.7796361e-03
   3.5109259e-03
   1.4381548e+01
   1.2841972e+00
   8.2601607e-01
   6.1259068e-01
   5.1238500e-01
   4.2792586e-01
   3.6210605e-01
   3.1442288e-01
   2.7151607e-01
   2.4502606e-01
   2.1334130e-01
   1.9003824e-01
   1.6406962e-01
   1.4111931e-01
   1.2388102e-01
   1.0639101e-01
   9.2506527e-02
   7.9197002e-02
   6.6921838e-02
   5.7054172e-02
   4.8296782e-02
   4.1425266e-02
   3.4396713e-02
   3.0013763e-02
   2.5259023e-02
   2.1528317e-02
   1.7414420e-02
   1.4413332e-02
   1.1224652e-02
   9.8174378e-03
   9.1591381e-03
   6.8819305e-03
   6.8541694e-03
   7.0568640e-03
   7.1135821e-03
   6.6599732e-03
   6.6192685e-03
   6.5534592e-03
   6.0674323e-03
   5.9503722e-03
   6.4577204e-03
   6.5340418e-03
   6.4629718e-03
   6.5910072e-03
   6.7598647e-03
   7.2024720e-03
   7.6643781e-03
   8.1635682e-03
   8.6915964e-03
   9.2488728e-03
   9.4533074e-03
   9.6677554e-03
   9.6990034e-03
   1.0115207e-02
   1.0165765e-02
   1.0365506e-02
   1.4662260e+01
   1.3632844e+00
   8.7907088e-01
   6.3842801e-01
   5.3948114e-01
   4.2953187e-01
   3.7200990e-01
   3.1673303e-01
   2.7353904e-01
   2.4411230e-01
   2.2205551e-01
   1.9310478e-01
   1.6154954e-01
   1.4092864e-01
   1.2233878e-01
   1.0480556e-01
   9.5267457e-02
   7.9071395e-02
   6.7536612e-02
   5.9217043e-02
   4.8394289e-02
   4.0701319e-02
   3.9311736e-02
   3.1313217e-02
   2.8119726e-02
   2.5202317e-02
   2.0575839e-02
   1.8846466e-02
   1.7748735e-02
   1.7928305e-02
   1.6219803e-02
   1.4854081e-02
   1.4644077e-02
   1.3777919e-02
   1.3976429e-02
   1.3383955e-02
   1.2695529e-02
   1.1334324e-02
   1.0611106e-02
   1.0432637e-02
   9.8405867e-03
   1.1178269e-02
   1.0584408e-02
   1.0157271e-02
   9.9035516e-03
   9.9933829e-03
   9.8173289e-03
   9.8139390e-03
   1.0011099e-02
   1.0372131e-02
   1.0737471e-02
   1.0709611e-02
   1.0826340e-02
   1.0406201e-02
   1.0292110e-02
   1.0376076e-02
   1.4263258e+01
   1.3022547e+00
   8.2815138e-01
   6.3603134e-01
   5.0258755e-01
   4.3017956e-01
   3.8498275e-01
   3.3473026e-01
   2.9681188e-01
   2.3991798e-01
   2.1825911e-01
   1.8242896e-01
   1.7077853e-01
   1.4511154e-01
   1.2438065e-01
   1.0649015e-01
   8.8667850e-02
   7.9522562e-02
   6.9017609e-02
   5.7262747e-02
   5.0111334e-02
   3.9889756e-02
   3.5151114e-02
   2.6640725e-02
   2.6297024e-02
   2.1502492e-02
   1.9784220e-02
   1.6290311e-02
   1.5471368e-02
   1.4451499e-02
   1.3516059e-02
   1.1433056e-02
   1.1335562e-02
   1.0343918e-02
   8.9359965e-03
   8.8022728e-03
   8.1253372e-03
   8.1691551e-03
   7.8740839e-03
   7.4937111e-03
   7.8045399e-03
   8.1733100e-03
   7.9884997e-03
   7.9712811e-03
   8.0409655e-03
   8.0560967e-03
   8.1681447e-03
   8.2832952e-03
   8.4346872e-03
   8.5053851e-03
   8.5539203e-03
   8.7822030e-03
   9.0919732e-03
   9.4369063e-03
   9.7216265e-03
   1.0093371e-02
   1.4078577e+01
   1.3037660e+00
   8.2569696e-01
   6.3324817e-01
   5.1646005e-01
   4.4309568e-01
   3.8021960e-01
   3.2539725e-01
   2.7707542e-01
   2.5299072e-01
   2.1105367e-01
   1.8233137e-01
   1.5885226e-01
   1.4237474e-01
   1.2154363e-01
   1.0423844e-01
   8.9871325e-02
   7.7244281e-02
   6.6229885e-02
   5.7880563e-02
   4.8073579e-02
   4.2082014e-02
   3.2345699e-02
   3.0750941e-02
   2.6368894e-02
   2.1448320e-02
   1.7161105e-02
   1.5396927e-02
   1.3960773e-02
   1.2637887e-02
   1.0195335e-02
   8.0589963e-03
   8.8944631e-03
   8.2236369e-03
   6.9062371e-03
   5.8706045e-03
   5.5257289e-03
   5.4797057e-03
   5.2648004e-03
   4.9343359e-03
   5.5236151e-03
   5.3489004e-03
   5.3241332e-03
   5.3451973e-03
   5.1551850e-03
   5.3913325e-03
   5.7154440e-03
   5.8466354e-03
   6.1479858e-03
   5.7396095e-03
   5.1634580e-03
   4.6368344e-03
   4.5441107e-03
   5.0364548e-03
   4.9453823e-03
   4.8579051e-03
   1.1737333e+01
   1.3458888e+00
   8.5837902e-01
   6.3668277e-01
   5.2183287e-01
   4.3474904e-01
   3.7215652e-01
   3.1831301e-01
   2.8222801e-01
   2.5048219e-01
   2.1930867e-01
   1.8759664e-01
   1.6368410e-01
   1.4385101e-01
   1.2511740e-01
   1.0896456e-01
   9.0661575e-02
   7.7066436e-02
   6.5189041e-02
   5.8859632e-02
   4.8012549e-02
   3.8943148e-02
   3.9047848e-02
   3.0778411e-02
   2.7956759e-02
   2.3432398e-02
   1.9557964e-02
   1.6098367e-02
   1.2426787e-02
   1.2435302e-02
   1.1356987e-02
   1.0010317e-02
   9.8778949e-03
   9.8169415e-03
   1.0346673e-02
   1.0057698e-02
   9.3555749e-03
   8.3292776e-03
   7.8396594e-03
   8.1876948e-03
   7.4759259e-03
   8.4219247e-03
   7.8651041e-03
   7.2763356e-03
   6.9301629e-03
   6.6538148e-03
   6.3762827e-03
   5.9390067e-03
   5.6735193e-03
   5.4846908e-03
   5.3267962e-03
   5.2113077e-03
   5.1685603e-03
   6.0673329e-03
   5.8252263e-03
   5.5707362e-03
   1.3945647e+01
   1.2953454e+00
   8.2261540e-01
   6.5689590e-01
   4.9731821e-01
   4.3858677e-01
   3.9022616e-01
   3.4447816e-01
   3.0156361e-01
   2.4343143e-01
   2.1894850e-01
   1.8672107e-01
   1.6683921e-01
   1.4271643e-01
   1.2588104e-01
   1.0832322e-01
   9.0880221e-02
   7.9684081e-02
   6.8063414e-02
   5.8157491e-02
   4.8153445e-02
   4.5506640e-02
   2.9114561e-02
   3.4820121e-02
   3.0359580e-02
   2.7378369e-02
   2.6554061e-02
   2.4076627e-02
   2.3243129e-02
   2.2487197e-02
   2.1042954e-02
   2.0125787e-02
   1.9950873e-02
   1.9145555e-02
   1.8391998e-02
   1.8703543e-02
   1.7662462e-02
   1.7286583e-02
   1.6796680e-02
   1.6128561e-02
   1.5720676e-02
   1.6991476e-02
   1.6594419e-02
   1.6284629e-02
   1.6168228e-02
   1.5782294e-02
   1.5400617e-02
   1.4945828e-02
   1.4485046e-02
   1.4022073e-02
   1.3461582e-02
   1.3140978e-02
   1.2806736e-02
   1.4511655e-02
   1.4281903e-02
   1.4073552e-02
   1.4360579e+01
   1.3747856e+00
   8.7209712e-01
   6.6892030e-01
   5.3126918e-01
   4.5577859e-01
   3.8909956e-01
   3.3648337e-01
   2.9530166e-01
   2.5468156e-01
   2.2236908e-01
   1.9223996e-01
   1.7004025e-01
   1.4695169e-01
   1.2869044e-01
   1.1271669e-01
   9.4412305e-02
   8.2066523e-02
   7.0353289e-02
   5.8319611e-02
   4.9786223e-02
   4.1156383e-02
   3.2636651e-02
   2.9161825e-02
   2.6918556e-02
   2.3075082e-02
   1.8749956e-02
   1.5233111e-02
   1.3700659e-02
   1.0275977e-02
   9.0107791e-03
   8.8495270e-03
   8.5081382e-03
   8.6250165e-03
   8.2861968e-03
   8.3221557e-03
   8.7411149e-03
   9.0509138e-03
   8.9321460e-03
   7.4384518e-03
   6.9423327e-03
   7.5567669e-03
   6.7445439e-03
   6.7920424e-03
   6.2210190e-03
   5.3006012e-03
   5.2819729e-03
   5.4722228e-03
   5.7922735e-03
   6.0618400e-03
   5.3953563e-03
   5.1355728e-03
   4.8062309e-03
   5.2503409e-03
   5.0743856e-03
   4.7309559e-03
   1.2293813e+01
   1.3370195e+00
   8.5092083e-01
   6.3470861e-01
   5.3248972e-01
   4.3302113e-01
   3.7448435e-01
   3.2604667e-01
   2.8530805e-01
   2.5897834e-01
   2.1505815e-01
   1.9042622e-01
   1.6980037e-01
   1.4258504e-01
   1.2371974e-01
   1.0618884e-01
   9.2931421e-02
   7.7541433e-02
   6.5194133e-02
   5.9469836e-02
   5.0204352e-02
   4.4288805e-02
   3.5313993e-02
   3.0658629e-02
   2.7918427e-02
   2.3272727e-02
   1.9213578e-02
   1.6846218e-02
   1.5066124e-02
   1.3786804e-02
   1.1522296e-02
   1.0075860e-02
   1.0467348e-02
   1.0436879e-02
   1.0039890e-02
   9.4338353e-03
   9.2809948e-03
   9.1063581e-03
   8.8155344e-03
   9.0610743e-03
   8.1769741e-03
   8.6747952e-03
   8.4682195e-03
   7.9748889e-03
   7.9992842e-03
   7.6634917e-03
   7.8429597e-03
   7.9115299e-03
   7.6170918e-03
   7.3091543e-03
   6.7527069e-03
   6.1660143e-03
   6.0393552e-03
   6.5922953e-03
   6.3932096e-03
   6.2097781e-03
   1.3323297e+01
   1.3775813e+00
   8.6776371e-01
   6.5536859e-01
   5.3792757e-01
   4.5147171e-01
   3.8170939e-01
   3.2751555e-01
   2.8452715e-01
   2.6010137e-01
   2.1839527e-01
   1.9094739e-01
   1.6175230e-01
   1.4283571e-01
   1.2643083e-01
   1.0852567e-01
   9.1842427e-02
   7.8788601e-02
   6.8045887e-02
   5.8139934e-02
   5.1629323e-02
   4.0952041e-02
   3.6214385e-02
   2.8064430e-02
   2.5888324e-02
   2.1087679e-02
   1.7097055e-02
   1.3792876e-02
   1.1571781e-02
   1.0242542e-02
   9.6027736e-03
   7.9782732e-03
   6.8827679e-03
   6.3301538e-03
   5.4986654e-03
   5.6143719e-03
   5.6987792e-03
   4.7025545e-03
   3.8914774e-03
   4.7110304e-03
   3.4185331e-03
   3.8611141e-03
   4.0366008e-03
   4.1088131e-03
   4.9523091e-03
   5.2947733e-03
   5.3168891e-03
   5.1553929e-03
   4.5778846e-03
   4.5566230e-03
   4.7320728e-03
   5.2121452e-03
   5.9965985e-03
   5.6300724e-03
   5.9878949e-03
   6.0150582e-03
   1.6824169e+01
   1.3302594e+00
   8.5132272e-01
   6.2558047e-01
   5.2350844e-01
   4.3568427e-01
   3.6067491e-01
   3.1669381e-01
   2.7997588e-01
   2.5045840e-01
   2.1150625e-01
   1.8710304e-01
   1.6261326e-01
   1.4029062e-01
   1.2371954e-01
   1.0664380e-01
   9.2144088e-02
   7.9214690e-02
   6.5296010e-02
   5.4882123e-02
   4.6762650e-02
   3.9959292e-02
   3.4654938e-02
   3.1230286e-02
   2.6264565e-02
   2.2794801e-02
   1.7956134e-02
   1.7186407e-02
   1.4549622e-02
   1.4839960e-02
   1.3606226e-02
   1.2298235e-02
   1.1588432e-02
   1.0190422e-02
   1.0529307e-02
   9.9611787e-03
   9.3467358e-03
   8.3760674e-03
   7.6325944e-03
   7.0762393e-03
   5.9217381e-03
   6.7991177e-03
   6.5653691e-03
   6.2867045e-03
   6.3079425e-03
   6.1076783e-03
   6.0658553e-03
   5.9885871e-03
   6.3190475e-03
   6.3561400e-03
   6.4509062e-03
   6.6213102e-03
   6.5977805e-03
   6.4828772e-03
   6.6721962e-03
   6.9025060e-03
   1.7157229e+01
   1.3304056e+00
   8.6687114e-01
   6.5562160e-01
   5.2682922e-01
   4.3892972e-01
   3.8913875e-01
   3.3643636e-01
   2.8933319e-01
   2.4626583e-01
   2.2102839e-01
   1.9104483e-01
   1.6426126e-01
   1.4424161e-01
   1.2501150e-01
   1.0869804e-01
   9.3162348e-02
   7.9552057e-02
   6.8348666e-02
   5.8522501e-02
   4.8251926e-02
   4.2087431e-02
   3.4531767e-02
   2.7601617e-02
   2.6837226e-02
   2.2206498e-02
   1.8723866e-02
   1.5552065e-02
   1.3255080e-02
   1.1177108e-02
   9.4846559e-03
   8.4951087e-03
   8.2337912e-03
   8.2815891e-03
   7.8668912e-03
   7.7076631e-03
   6.9056482e-03
   6.9305286e-03
   6.8960012e-03
   7.0885909e-03
   7.1353911e-03
   7.0453715e-03
   7.4934518e-03
   7.4941780e-03
   7.5834863e-03
   7.1361774e-03
   7.0697894e-03
   6.7324283e-03
   6.4272355e-03
   6.5171026e-03
   6.4463812e-03
   6.0186280e-03
   5.5226602e-03
   5.6511431e-03
   5.1416375e-03
   4.5061490e-03
   1.9448274e+01
   1.7059483e+00
   9.7958379e-01
   7.2403722e-01
   5.9694260e-01
   5.2226366e-01
   3.8890844e-01
   3.3188446e-01
   3.0593096e-01
   3.0372393e-01
   2.2954264e-01
   2.0623679e-01
   1.8049011e-01
   1.5641446e-01
   1.3623705e-01
   1.1852646e-01
   9.2912547e-02
   8.3570456e-02
   7.0030855e-02
   5.4941861e-02
   5.1865260e-02
   4.2576561e-02
   4.5480887e-02
   4.1609056e-02
   4.2506811e-02
   4.0057143e-02
   3.5872321e-02
   3.5693132e-02
   3.2290940e-02
   3.0374166e-02
   3.0622988e-02
   2.8880637e-02
   2.6478855e-02
   2.4257085e-02
   2.6842158e-02
   2.6839645e-02
   2.5597645e-02
   2.6201832e-02
   2.5729539e-02
   2.5625315e-02
   2.7577511e-02
   2.7461553e-02
   2.7865026e-02
   2.8399216e-02
   2.9033924e-02
   2.9476670e-02
   3.0074201e-02
   3.0417795e-02
   3.0646166e-02
   2.9908525e-02
   2.9930947e-02
   2.9678156e-02
   2.9727535e-02
   2.9756763e-02
   2.9462843e-02
   2.9921442e-02
   1.5774583e+01
   1.4610136e+00
   8.8404546e-01
   6.8896382e-01
   5.5200875e-01
   4.8159807e-01
   3.9800219e-01
   3.3822414e-01
   3.0412673e-01
   2.7898756e-01
   2.2447113e-01
   1.9550357e-01
   1.7059583e-01
   1.4658006e-01
   1.3050886e-01
   1.1366750e-01
   9.5172924e-02
   8.4336979e-02
   6.9122375e-02
   5.8660785e-02
   5.0350317e-02
   4.3158051e-02
   4.1588430e-02
   3.5879043e-02
   3.3547126e-02
   3.1896522e-02
   2.9949529e-02
   2.7076411e-02
   2.5198278e-02
   2.6098207e-02
   2.4198072e-02
   2.2434785e-02
   2.2029895e-02
   2.1745510e-02
   2.0488220e-02
   1.9461839e-02
   1.9365440e-02
   1.7513611e-02
   1.6557792e-02
   1.5252795e-02
   1.3778086e-02
   1.4432352e-02
   1.3066512e-02
   1.1492046e-02
   9.9411457e-03
   8.7314753e-03
   7.7007421e-03
   6.8904747e-03
   6.8817415e-03
   6.7068708e-03
   7.3228698e-03
   7.6167222e-03
   8.0321894e-03
   7.6681719e-03
   7.6341561e-03
   7.7418485e-03
   1.5511383e+01
   1.3749370e+00
   8.5186776e-01
   6.6041654e-01
   5.2464176e-01
   4.4326106e-01
   3.8713644e-01
   3.3155420e-01
   2.8906275e-01
   2.5235898e-01
   2.2273798e-01
   1.9221805e-01
   1.6708810e-01
   1.4641826e-01
   1.2745524e-01
   1.1090802e-01
   9.3641189e-02
   8.1454351e-02
   7.0183580e-02
   5.8447125e-02
   4.9908161e-02
   4.4448391e-02
   3.7091534e-02
   2.9718415e-02
   2.8532275e-02
   2.3572086e-02
   2.2166088e-02
   1.8986626e-02
   1.4320558e-02
   1.2871313e-02
   1.4545560e-02
   1.4511516e-02
   1.3277644e-02
   1.2247358e-02
   1.2563930e-02
   1.2208239e-02
   1.0757894e-02
   1.1745665e-02
   1.2123547e-02
   1.0011406e-02
   1.0964527e-02
   1.1543158e-02
   1.0704791e-02
   1.0391677e-02
   1.0777091e-02
   9.7904878e-03
   9.7120225e-03
   9.8607816e-03
   9.3427923e-03
   1.0191935e-02
   9.2179762e-03
   9.7831762e-03
   9.6453641e-03
   9.8584904e-03
   9.8717392e-03
   9.5545464e-03
   1.4998806e+01
   1.4030557e+00
   8.9281315e-01
   6.4145131e-01
   5.4415981e-01
   4.4435483e-01
   3.7396340e-01
   3.2443857e-01
   2.8204354e-01
   2.5012993e-01
   2.2245917e-01
   1.9466158e-01
   1.7026006e-01
   1.4431751e-01
   1.2659366e-01
   1.0988499e-01
   9.7083955e-02
   8.1655313e-02
   6.9383813e-02
   6.0103069e-02
   4.9696617e-02
   3.9921702e-02
   3.8128850e-02
   2.9526235e-02
   2.7741369e-02
   2.5816776e-02
   2.3305805e-02
   2.0941047e-02
   1.9461478e-02
   2.0627683e-02
   1.9640892e-02
   1.7206810e-02
   1.8510603e-02
   1.8769139e-02
   1.8093645e-02
   1.7190865e-02
   1.7194086e-02
   1.6454528e-02
   1.6802764e-02
   1.6998566e-02
   1.6811580e-02
   1.7085362e-02
   1.7052818e-02
   1.7048960e-02
   1.7128009e-02
   1.7164408e-02
   1.7258518e-02
   1.7346652e-02
   1.7215906e-02
   1.8000670e-02
   1.8221887e-02
   1.9116864e-02
   1.9758581e-02
   1.9410219e-02
   2.0269449e-02
   2.0684840e-02
   1.4494860e+01
   1.4592523e+00
   8.7161435e-01
   6.7374276e-01
   5.2578005e-01
   4.6326433e-01
   3.7644570e-01
   3.2238128e-01
   2.9152857e-01
   2.6540855e-01
   2.2193627e-01
   1.9653035e-01
   1.7197469e-01
   1.4671918e-01
   1.2916425e-01
   1.1580362e-01
   9.7084859e-02
   8.4045161e-02
   7.2274443e-02
   5.9715973e-02
   5.3230460e-02
   4.5036018e-02
   4.1981118e-02
   3.5059190e-02
   3.2463793e-02
   2.7511665e-02
   2.3638405e-02
   2.4233760e-02
   2.2014050e-02
   1.8852939e-02
   2.0750616e-02
   2.2560672e-02
   2.0695507e-02
   1.7310423e-02
   1.9242329e-02
   2.0006457e-02
   1.7771202e-02
   1.6707643e-02
   1.7333366e-02
   1.5087173e-02
   1.5861246e-02
   1.5589886e-02
   1.4734020e-02
   1.4526248e-02
   1.3194636e-02
   1.2849323e-02
   1.2380647e-02
   1.2228695e-02
   1.2525633e-02
   1.2139720e-02
   1.2806465e-02
   1.2336309e-02
   1.2397501e-02
   1.2092179e-02
   1.1898989e-02
   1.1700413e-02
   1.6155348e+01
   1.2408277e+00
   7.8675907e-01
   6.2942905e-01
   4.9178925e-01
   4.3846456e-01
   3.8832999e-01
   3.4413635e-01
   3.0065820e-01
   2.5816048e-01
   2.2969335e-01
   1.9966604e-01
   1.7430432e-01
   1.5354138e-01
   1.3643579e-01
   1.1578729e-01
   9.8799069e-02
   8.6621621e-02
   7.4559593e-02
   6.3501332e-02
   5.3213297e-02
   4.7534257e-02
   3.6732769e-02
   3.3447230e-02
   2.9064750e-02
   2.4455845e-02
   2.1207198e-02
   1.7732547e-02
   1.7198170e-02
   1.5025198e-02
   1.2720018e-02
   1.2706658e-02
   1.3460774e-02
   1.2486617e-02
   1.1282497e-02
   1.2819591e-02
   1.2159143e-02
   1.1402840e-02
   1.1228932e-02
   9.6895848e-03
   8.9930646e-03
   1.0141461e-02
   9.7372507e-03
   1.0314435e-02
   1.0793786e-02
   1.0393289e-02
   1.1065491e-02
   1.0183555e-02
   1.1027107e-02
   1.0778749e-02
   1.2097768e-02
   1.2620046e-02
   1.4289230e-02
   1.3285829e-02
   1.4007938e-02
   1.4602912e-02
   1.6405612e+01
   1.5208742e+00
   8.8538569e-01
   6.3682311e-01
   5.2618853e-01
   4.3553877e-01
   3.7792508e-01
   3.2056559e-01
   2.7808184e-01
   2.4854102e-01
   2.1727693e-01
   1.8806964e-01
   1.6286042e-01
   1.4541261e-01
   1.2623452e-01
   1.1006366e-01
   9.3201547e-02
   8.1303046e-02
   6.9202157e-02
   5.8917807e-02
   5.0803274e-02
   4.2695071e-02
   3.5560993e-02
   3.0678131e-02
   2.8050766e-02
   2.3653114e-02
   2.0540811e-02
   1.6370862e-02
   1.4356428e-02
   1.2706041e-02
   1.0074156e-02
   8.2528580e-03
   8.9674434e-03
   7.9931367e-03
   6.6402968e-03
   6.3955880e-03
   7.7535639e-03
   5.7315306e-03
   6.0254408e-03
   5.9743030e-03
   4.4199706e-03
   5.2448004e-03
   4.8471608e-03
   4.9144210e-03
   4.8325924e-03
   4.7728318e-03
   4.7366331e-03
   4.3993553e-03
   4.6725797e-03
   4.6164294e-03
   5.2866906e-03
   4.9798186e-03
   5.4028571e-03
   4.9732064e-03
   4.9297283e-03
   4.8857574e-03
   2.1537733e+01
   1.4041786e+00
   8.4808720e-01
   6.6911416e-01
   5.2453868e-01
   4.7701342e-01
   4.0363726e-01
   3.4740383e-01
   3.1015491e-01
   2.6555414e-01
   2.3045130e-01
   1.9674998e-01
   1.7072909e-01
   1.5164484e-01
   1.3412315e-01
   1.1544795e-01
   9.6483389e-02
   8.5942708e-02
   7.3005108e-02
   6.2129155e-02
   5.3641614e-02
   4.9043877e-02
   3.4274192e-02
   3.3161767e-02
   3.0327322e-02
   2.6700798e-02
   2.5817325e-02
   2.3219367e-02
   2.1228164e-02
   2.0665040e-02
   1.9190430e-02
   1.6906818e-02
   1.6658864e-02
   1.5332331e-02
   1.4182769e-02
   1.4494730e-02
   1.4625751e-02
   1.4041381e-02
   1.2767440e-02
   1.3628740e-02
   1.2643615e-02
   1.3025957e-02
   1.3238751e-02
   1.2937308e-02
   1.3569494e-02
   1.3488013e-02
   1.3848558e-02
   1.3920920e-02
   1.3590327e-02
   1.3716893e-02
   1.3639840e-02
   1.4427483e-02
   1.4769275e-02
   1.4436429e-02
   1.5138374e-02
   1.5700676e-02
