   1.4923336e+02
   6.4150911e-01
   2.5486968e-01
   1.5913681e-01
   1.1960083e-01
   9.1330096e-02
   7.3758498e-02
   5.8154339e-02
   4.9920463e-02
   4.3489626e-02
   3.8740658e-02
   3.3703616e-02
   2.9225369e-02
   2.7042846e-02
   2.3556790e-02
   2.3647355e-02
   2.1242623e-02
   1.9145415e-02
   1.7434178e-02
   1.7828614e-02
   1.6973594e-02
   1.6442018e-02
   1.5179473e-02
   1.5299301e-02
   1.4620163e-02
   1.2938580e-02
   1.2067074e-02
   1.2055587e-02
   1.2340463e-02
   1.1732248e-02
   1.0773864e-02
   9.7858829e-03
   9.2776288e-03
   9.0364716e-03
   8.9346757e-03
   8.2668558e-03
   7.8755273e-03
   7.4984219e-03
   7.0341517e-03
   6.6196106e-03
   5.9769382e-03
   5.9650168e-03
   5.9622676e-03
   5.9322601e-03
   6.1061831e-03
   5.9767280e-03
   5.6876549e-03
   5.7836436e-03
   5.7507833e-03
   5.3497392e-03
   5.1182675e-03
   5.1845046e-03
   5.4740140e-03
   5.2184391e-03
   5.0599641e-03
   5.1160167e-03
   1.4797528e+02
   8.4564684e-01
   3.7215726e-01
   2.3679117e-01
   1.8457554e-01
   1.4244490e-01
   1.1979464e-01
   9.9192695e-02
   8.4631214e-02
   7.0797209e-02
   6.4700860e-02
   5.6368813e-02
   4.9497572e-02
   4.4561322e-02
   3.9328965e-02
   3.5532132e-02
   3.1199732e-02
   2.8741920e-02
   2.5950436e-02
   2.4004869e-02
   2.2353042e-02
   2.1282016e-02
   1.7958236e-02
   1.6381872e-02
   1.5316063e-02
   1.4881871e-02
   1.4881349e-02
   1.2943800e-02
   1.2301725e-02
   1.1404683e-02
   1.0828618e-02
   1.0675510e-02
   9.4908461e-03
   8.6671877e-03
   7.9846745e-03
   7.4211162e-03
   7.8544265e-03
   6.7054236e-03
   7.1567628e-03
   6.5238465e-03
   6.1254426e-03
   5.9981875e-03
   5.9384841e-03
   6.2580098e-03
   6.3892970e-03
   6.4114082e-03
   6.4896062e-03
   6.4678227e-03
   6.1410150e-03
   6.2821628e-03
   6.4484146e-03
   6.6207990e-03
   6.7444327e-03
   6.6379662e-03
   6.3175455e-03
   5.8922081e-03
   1.4987270e+02
   1.0908549e+00
   5.1523001e-01
   3.3722598e-01
   2.6152658e-01
   2.0954026e-01
   1.7046605e-01
   1.4230600e-01
   1.2127660e-01
   1.0571855e-01
   9.2517955e-02
   8.0295638e-02
   7.0140439e-02
   6.0240311e-02
   5.3402721e-02
   4.8013856e-02
   4.4095939e-02
   3.9810778e-02
   3.4461044e-02
   3.1790570e-02
   2.9365782e-02
   2.5893488e-02
   2.3776855e-02
   2.2614263e-02
   2.1397061e-02
   1.8635339e-02
   1.7143645e-02
   1.7123905e-02
   1.6234040e-02
   1.4593596e-02
   1.3312429e-02
   1.2498339e-02
   1.1740395e-02
   1.0853451e-02
   1.0974313e-02
   1.0286641e-02
   9.6746372e-03
   9.5865166e-03
   9.6500451e-03
   8.4037565e-03
   8.5779524e-03
   8.2800994e-03
   8.0492293e-03
   7.8895056e-03
   7.6250847e-03
   7.2585288e-03
   7.2696843e-03
   7.3314447e-03
   7.1482479e-03
   6.9638333e-03
   6.7046107e-03
   6.7319719e-03
   6.7080620e-03
   6.7140501e-03
   6.6309746e-03
   6.6901334e-03
   1.4803309e+02
   9.1511002e-01
   4.0444992e-01
   2.6525391e-01
   2.0881257e-01
   1.6419927e-01
   1.3475036e-01
   1.1472979e-01
   9.6424427e-02
   8.2949042e-02
   7.4450298e-02
   6.4724228e-02
   5.6552464e-02
   5.0437780e-02
   4.6164520e-02
   4.0888352e-02
   3.6944711e-02
   3.2946404e-02
   3.0626470e-02
   2.7688434e-02
   2.6241677e-02
   2.2104326e-02
   2.1123615e-02
   2.0348036e-02
   1.8264031e-02
   1.7489459e-02
   1.6718866e-02
   1.5713961e-02
   1.4766113e-02
   1.3578889e-02
   1.3061487e-02
   1.3171743e-02
   1.2545973e-02
   1.1735445e-02
   1.1630943e-02
   1.0673506e-02
   1.0770670e-02
   9.9574412e-03
   9.9455171e-03
   8.7792271e-03
   8.9896306e-03
   9.2560735e-03
   9.1877192e-03
   8.6216274e-03
   8.4994218e-03
   8.2800433e-03
   8.0806570e-03
   8.1359686e-03
   7.8520810e-03
   7.5031725e-03
   7.1601112e-03
   7.0172694e-03
   6.8588903e-03
   6.8572450e-03
   6.3539019e-03
   6.1911568e-03
   1.4825033e+02
   9.1219244e-01
   3.7379504e-01
   2.3201828e-01
   1.7224380e-01
   1.2981235e-01
   1.0380356e-01
   8.3754306e-02
   6.9624139e-02
   5.9719988e-02
   5.3841500e-02
   4.6487828e-02
   4.0586065e-02
   3.5465081e-02
   3.1642041e-02
   2.8710031e-02
   2.7509753e-02
   2.4896149e-02
   2.3129510e-02
   2.1164151e-02
   2.0382920e-02
   1.9344580e-02
   1.7394897e-02
   1.7324039e-02
   1.6074416e-02
   1.5384209e-02
   1.4707501e-02
   1.3927822e-02
   1.2929108e-02
   1.2277381e-02
   1.0875069e-02
   1.0661260e-02
   9.8500363e-03
   9.2268406e-03
   8.7833264e-03
   7.9130967e-03
   7.2647154e-03
   6.8942199e-03
   6.4031049e-03
   6.0938446e-03
   5.4958488e-03
   5.1142894e-03
   5.0211993e-03
   4.8720508e-03
   4.6488300e-03
   4.6793427e-03
   4.5238094e-03
   3.9494528e-03
   3.3880575e-03
   2.8824622e-03
   2.7759758e-03
   2.6254295e-03
   2.3574313e-03
   2.0638040e-03
   1.9437550e-03
   1.4574344e-03
   1.4844091e+02
   1.2498223e+00
   5.5543274e-01
   3.5858523e-01
   2.7396379e-01
   2.1391286e-01
   1.7073278e-01
   1.4149694e-01
   1.2074813e-01
   1.0385900e-01
   9.2374347e-02
   8.1393055e-02
   7.0308850e-02
   6.2869006e-02
   5.5563075e-02
   5.1596566e-02
   4.6109368e-02
   4.2803445e-02
   3.8468793e-02
   3.6807412e-02
   3.3630044e-02
   3.3048345e-02
   3.1245199e-02
   2.7991837e-02
   2.5835493e-02
   2.5198102e-02
   2.4073932e-02
   2.1904174e-02
   2.0171158e-02
   2.0743160e-02
   1.8808655e-02
   1.8715742e-02
   1.6964885e-02
   1.6127736e-02
   1.5388766e-02
   1.4588639e-02
   1.4571449e-02
   1.2599003e-02
   1.3303753e-02
   1.2450020e-02
   1.0619989e-02
   1.1460751e-02
   1.1337861e-02
   1.0754488e-02
   1.0259935e-02
   9.8376642e-03
   9.3166392e-03
   8.8763942e-03
   8.3730376e-03
   8.1026317e-03
   7.7665921e-03
   7.6243132e-03
   7.3687855e-03
   6.7272265e-03
   6.6541673e-03
   6.3873249e-03
   1.4846751e+02
   8.1760755e-01
   3.3080464e-01
   2.1251899e-01
   1.6047164e-01
   1.2330362e-01
   1.0145225e-01
   8.4924766e-02
   7.2524214e-02
   6.2871261e-02
   5.6393365e-02
   5.0216455e-02
   4.3845474e-02
   3.8489341e-02
   3.5251353e-02
   3.1516508e-02
   2.8033395e-02
   2.6703657e-02
   2.4166180e-02
   2.2640917e-02
   2.1265295e-02
   1.9299779e-02
   1.8398453e-02
   1.7562743e-02
   1.5941272e-02
   1.5151477e-02
   1.4057752e-02
   1.3130071e-02
   1.2521661e-02
   1.1652826e-02
   1.1132363e-02
   1.0670402e-02
   1.0000976e-02
   8.8240664e-03
   8.6273854e-03
   8.5081958e-03
   7.2933127e-03
   7.4381989e-03
   6.6857240e-03
   6.3288386e-03
   6.6107745e-03
   6.8047784e-03
   6.4675081e-03
   6.3118335e-03
   6.0274652e-03
   5.9917450e-03
   5.7819864e-03
   5.6620901e-03
   5.2826834e-03
   5.1230436e-03
   4.9115503e-03
   5.1699088e-03
   5.4057285e-03
   5.1084951e-03
   4.5230829e-03
   4.4796985e-03
   1.4878571e+02
   1.0650752e+00
   4.4639332e-01
   2.6704121e-01
   1.9355016e-01
   1.4165331e-01
   1.0993950e-01
   8.7731518e-02
   7.4284158e-02
   5.9915918e-02
   5.5476894e-02
   4.7745265e-02
   4.1012390e-02
   3.8806737e-02
   3.4771584e-02
   3.3084497e-02
   2.8204274e-02
   2.6669710e-02
   2.6129438e-02
   2.3554590e-02
   2.2557789e-02
   2.3707224e-02
   2.3428201e-02
   1.9731297e-02
   1.9386396e-02
   2.0447366e-02
   2.0025128e-02
   1.7104039e-02
   1.6606263e-02
   1.6511393e-02
   1.6352079e-02
   1.5771304e-02
   1.5655005e-02
   1.4555880e-02
   1.3285720e-02
   1.3157019e-02
   1.3334041e-02
   1.2630553e-02
   1.3189363e-02
   1.2263322e-02
   1.1330986e-02
   1.1950464e-02
   1.1518589e-02
   1.1032638e-02
   1.0530299e-02
   1.0286960e-02
   9.9572514e-03
   9.6410892e-03
   9.4271713e-03
   9.2043533e-03
   8.7174675e-03
   7.9776721e-03
   7.5685554e-03
   7.2240084e-03
   7.0186410e-03
   6.2230980e-03
   1.0415000e+02
   7.4555267e-01
   3.1247532e-01
   1.8692884e-01
   1.3548511e-01
   9.9157317e-02
   7.6957652e-02
   6.1412063e-02
   5.1998911e-02
   4.1941143e-02
   3.8833826e-02
   3.3421686e-02
   2.8708673e-02
   2.7164716e-02
   2.4340109e-02
   2.3159148e-02
   1.9742992e-02
   1.8668797e-02
   1.8291506e-02
   1.6491213e-02
   1.5796152e-02
   1.6599257e-02
   1.6406941e-02
   1.3818011e-02
   1.3579177e-02
   1.4319156e-02
   1.4025690e-02
   1.1982427e-02
   1.1635184e-02
   1.1567575e-02
   1.1456656e-02
   1.1049713e-02
   1.0969304e-02
   1.0199916e-02
   9.3116038e-03
   9.2222237e-03
   9.3452287e-03
   8.8542871e-03
   9.2445543e-03
   8.5969252e-03
   7.9450403e-03
   8.3778030e-03
   8.0754623e-03
   7.7359232e-03
   7.3846967e-03
   7.2146288e-03
   6.9840560e-03
   6.7628292e-03
   6.6132414e-03
   6.4573588e-03
   6.1165672e-03
   5.5985305e-03
   5.3122688e-03
   5.0712659e-03
   4.9273696e-03
   4.3705848e-03
   1.4704382e+02
   2.1632660e+00
   1.0907376e+00
   7.1334076e-01
   5.5515637e-01
   4.2978290e-01
   3.4977002e-01
   2.8925408e-01
   2.4402373e-01
   2.0429178e-01
   1.8308880e-01
   1.5877033e-01
   1.3756946e-01
   1.2258832e-01
   1.0901669e-01
   9.8297607e-02
   8.6829463e-02
   7.7826146e-02
   7.2481083e-02
   6.5329365e-02
   5.9729365e-02
   5.7719836e-02
   5.3602575e-02
   4.8274949e-02
   4.4952829e-02
   4.3566745e-02
   4.0704842e-02
   3.6252370e-02
   3.3664588e-02
   3.2598261e-02
   3.0473309e-02
   2.8198241e-02
   2.6140030e-02
   2.5457397e-02
   2.3315645e-02
   2.2883200e-02
   2.0909097e-02
   1.9132458e-02
   1.8727808e-02
   1.8306582e-02
   1.6666937e-02
   1.5149777e-02
   1.4746248e-02
   1.4777897e-02
   1.4015081e-02
   1.3178568e-02
   1.2468527e-02
   1.1783396e-02
   1.1087816e-02
   1.0482510e-02
   9.8925716e-03
   8.8928066e-03
   8.2547101e-03
   7.8079710e-03
   7.3238573e-03
   6.4647193e-03
   1.4467201e+02
   7.9352442e-01
   3.1875172e-01
   2.1579708e-01
   1.7414370e-01
   1.4318892e-01
   1.2084963e-01
   1.0499643e-01
   9.1738082e-02
   8.4707408e-02
   7.7051716e-02
   6.8853497e-02
   6.3623614e-02
   5.7613081e-02
   5.2534723e-02
   4.6793076e-02
   4.4469509e-02
   4.1171286e-02
   3.7180187e-02
   3.5140825e-02
   3.3391437e-02
   2.8950765e-02
   2.7391494e-02
   2.6499981e-02
   2.5484884e-02
   2.2601801e-02
   2.1115840e-02
   2.0467226e-02
   1.9242239e-02
   1.7597407e-02
   1.6043381e-02
   1.4652279e-02
   1.3837250e-02
   1.2678845e-02
   1.2607669e-02
   1.1384358e-02
   1.0324261e-02
   9.2181215e-03
   9.0168443e-03
   8.3378308e-03
   7.9166366e-03
   7.5265244e-03
   7.5182872e-03
   6.9350374e-03
   6.9515000e-03
   6.7125145e-03
   6.2510548e-03
   6.3382349e-03
   6.6904947e-03
   6.8116121e-03
   6.6273908e-03
   6.2128261e-03
   6.1707615e-03
   6.1962122e-03
   6.0098935e-03
   5.6338597e-03
   1.4690973e+02
   1.4015493e+00
   6.2042480e-01
   4.0006366e-01
   3.0876417e-01
   2.4352504e-01
   1.9816202e-01
   1.6080225e-01
   1.3970830e-01
   1.1710688e-01
   1.0576818e-01
   9.1190754e-02
   7.6976916e-02
   6.9413644e-02
   5.9817055e-02
   5.5223647e-02
   4.6393801e-02
   4.1334941e-02
   3.7992855e-02
   3.3272082e-02
   3.1866980e-02
   3.1406178e-02
   2.8801537e-02
   2.4248685e-02
   2.3353788e-02
   2.4022376e-02
   2.2981253e-02
   1.8982067e-02
   1.8742892e-02
   1.8005077e-02
   1.6997611e-02
   1.5812795e-02
   1.5587740e-02
   1.4656090e-02
   1.4269492e-02
   1.3211574e-02
   1.3134810e-02
   1.2429426e-02
   1.2945048e-02
   1.1292449e-02
   1.1158386e-02
   1.0615987e-02
   1.0356655e-02
   1.0122586e-02
   9.6558995e-03
   8.9399749e-03
   8.3902778e-03
   8.1337346e-03
   7.8205684e-03
   7.6400458e-03
   7.2296211e-03
   7.0056243e-03
   6.7173649e-03
   6.5141341e-03
   6.5233453e-03
   6.3833025e-03
   1.4829375e+02
   1.0524775e+00
   4.7321316e-01
   3.0551177e-01
   2.3266689e-01
   1.8054854e-01
   1.4537830e-01
   1.2104860e-01
   9.9503475e-02
   8.7615378e-02
   7.7402825e-02
   6.6422274e-02
   5.8747590e-02
   5.0086310e-02
   4.5232183e-02
   3.9604898e-02
   3.6465462e-02
   3.3707847e-02
   2.9489018e-02
   2.7712501e-02
   2.5227769e-02
   2.3367504e-02
   2.0822606e-02
   1.9793729e-02
   2.0242547e-02
   1.6909467e-02
   1.5511022e-02
   1.5976110e-02
   1.4717120e-02
   1.3398605e-02
   1.2195460e-02
   1.1962677e-02
   1.0461893e-02
   1.0772480e-02
   8.9341341e-03
   9.4381461e-03
   7.9447234e-03
   7.8817749e-03
   8.1629901e-03
   8.5509259e-03
   7.1997106e-03
   6.0429677e-03
   6.1098309e-03
   5.8536183e-03
   5.5346084e-03
   5.2207114e-03
   5.0283368e-03
   4.8222949e-03
   4.5134164e-03
   4.0937590e-03
   3.9291193e-03
   4.1544164e-03
   4.0389909e-03
   3.9075097e-03
   3.8589709e-03
   3.7907940e-03
   1.4800797e+02
   1.2785957e+00
   6.1778660e-01
   4.0512759e-01
   3.1241951e-01
   2.4642252e-01
   1.9946525e-01
   1.6610528e-01
   1.4174111e-01
   1.2375490e-01
   1.0938307e-01
   9.6014123e-02
   8.3365345e-02
   7.2985231e-02
   6.4579197e-02
   5.8028135e-02
   5.1365839e-02
   4.7340219e-02
   4.2414696e-02
   3.8957137e-02
   3.5431133e-02
   3.4050317e-02
   3.0726966e-02
   2.7265512e-02
   2.5644568e-02
   2.4824825e-02
   2.3250211e-02
   2.0309509e-02
   1.7833141e-02
   1.7997422e-02
   1.5994082e-02
   1.5756279e-02
   1.4745556e-02
   1.3842932e-02
   1.2849558e-02
   1.1839725e-02
   1.1608507e-02
   1.1045170e-02
   1.0237573e-02
   8.6507858e-03
   8.4418975e-03
   8.4695928e-03
   7.9958680e-03
   7.8449049e-03
   7.2760628e-03
   6.9611542e-03
   6.5984381e-03
   6.5437974e-03
   6.0288039e-03
   5.5508871e-03
   5.7316313e-03
   5.3889234e-03
   5.3090085e-03
   5.4091631e-03
   5.2019472e-03
   5.1414938e-03
   1.4686631e+02
   6.0183835e-01
   2.4003807e-01
   1.6004244e-01
   1.2440914e-01
   9.4271925e-02
   7.4188589e-02
   6.1543827e-02
   4.9538644e-02
   4.2703291e-02
   3.6502134e-02
   3.2171344e-02
   2.8875025e-02
   2.4909728e-02
   2.2743902e-02
   1.9441810e-02
   1.9554603e-02
   1.7157093e-02
   1.6642090e-02
   1.5171036e-02
   1.4791731e-02
   1.1838832e-02
   1.1830410e-02
   1.1707988e-02
   1.0742474e-02
   9.5038967e-03
   9.2124563e-03
   9.3625690e-03
   8.1742145e-03
   8.0274169e-03
   8.1112366e-03
   7.4905430e-03
   7.2755229e-03
   6.5636459e-03
   6.5443587e-03
   6.4656367e-03
   6.2582520e-03
   5.4051739e-03
   5.6638071e-03
   5.1834052e-03
   4.6121366e-03
   4.8371587e-03
   5.0681670e-03
   4.4341200e-03
   3.8820953e-03
   3.4151853e-03
   3.3357333e-03
   3.2351200e-03
   3.0647608e-03
   2.8320220e-03
   2.8914985e-03
   2.9158486e-03
   2.7505523e-03
   2.5794173e-03
   3.0226095e-03
   3.1942596e-03
   1.4800728e+02
   1.3452404e+00
   6.2210304e-01
   4.0611087e-01
   3.1167711e-01
   2.4428447e-01
   1.9672745e-01
   1.6243325e-01
   1.3651224e-01
   1.1629326e-01
   1.0381965e-01
   9.0495316e-02
   7.7710260e-02
   6.8397990e-02
   6.0479402e-02
   5.3390318e-02
   4.6252897e-02
   4.0956577e-02
   3.7317908e-02
   3.2153088e-02
   2.8376954e-02
   2.7261582e-02
   2.5176026e-02
   2.2800055e-02
   2.0778428e-02
   1.8811187e-02
   1.8026156e-02
   1.5817890e-02
   1.5468748e-02
   1.4567110e-02
   1.3431164e-02
   1.2921602e-02
   1.2118220e-02
   1.0529629e-02
   1.0374196e-02
   9.6799344e-03
   8.3547260e-03
   7.9024356e-03
   7.4727606e-03
   8.1277504e-03
   7.5032550e-03
   6.8442459e-03
   7.1829021e-03
   6.7612079e-03
   6.1439587e-03
   6.0061778e-03
   5.9004467e-03
   5.6349290e-03
   5.8429739e-03
   5.5872309e-03
   5.0098739e-03
   4.8522837e-03
   4.7206918e-03
   4.8504369e-03
   4.9540717e-03
   4.4887210e-03
   1.4870151e+02
   1.2498680e+00
   5.9211682e-01
   3.8120572e-01
   2.9067146e-01
   2.3009881e-01
   1.8501013e-01
   1.5664252e-01
   1.3465442e-01
   1.1952756e-01
   1.0742638e-01
   9.3622475e-02
   8.4327611e-02
   7.2992859e-02
   6.6472000e-02
   6.0166831e-02
   5.4126252e-02
   4.9445365e-02
   4.3977643e-02
   4.0551509e-02
   3.6051937e-02
   3.3845363e-02
   3.2023438e-02
   2.7562682e-02
   2.5458214e-02
   2.3959741e-02
   2.2196044e-02
   1.9200974e-02
   1.7567075e-02
   1.6940206e-02
   1.6091157e-02
   1.4638567e-02
   1.3860686e-02
   1.2435621e-02
   1.1351525e-02
   9.9251228e-03
   1.0269808e-02
   9.8075931e-03
   8.9675975e-03
   8.0113945e-03
   8.4612012e-03
   7.7975672e-03
   6.9310736e-03
   7.2365051e-03
   6.6822598e-03
   6.1662823e-03
   5.8638796e-03
   5.4024786e-03
   5.0745057e-03
   4.8381132e-03
   4.8039712e-03
   4.7357278e-03
   4.5872926e-03
   4.4639326e-03
   4.3072168e-03
   4.2399052e-03
   1.4906319e+02
   1.8476881e+00
   8.8890252e-01
   5.6702346e-01
   4.2882492e-01
   3.2139361e-01
   2.5223310e-01
   1.9971379e-01
   1.6244000e-01
   1.3244051e-01
   1.1401845e-01
   9.5697982e-02
   8.0419498e-02
   6.9397670e-02
   6.0083554e-02
   5.1941497e-02
   4.6440138e-02
   4.1597693e-02
   3.7306595e-02
   3.4693809e-02
   3.1650612e-02
   2.9932838e-02
   2.6989664e-02
   2.6852610e-02
   2.5273627e-02
   2.2076673e-02
   2.2155270e-02
   2.1279599e-02
   1.9176632e-02
   1.8668308e-02
   1.7548349e-02
   1.6152377e-02
   1.5448703e-02
   1.4712066e-02
   1.3317678e-02
   1.2926054e-02
   1.1458094e-02
   1.0337344e-02
   1.0122366e-02
   8.9193383e-03
   8.6514116e-03
   8.0253981e-03
   6.7094217e-03
   6.8957444e-03
   6.4436481e-03
   5.9009414e-03
   5.3273179e-03
   4.7063028e-03
   4.1352282e-03
   3.9789749e-03
   4.0404794e-03
   3.6624253e-03
   3.2814492e-03
   3.2051808e-03
   3.1024749e-03
   2.8133070e-03
   1.4799986e+02
   9.8454410e-01
   4.3501900e-01
   2.6691228e-01
   1.9981705e-01
   1.4926282e-01
   1.2040544e-01
   9.9085849e-02
   8.2980429e-02
   6.9952535e-02
   6.2934600e-02
   5.6597652e-02
   5.0250954e-02
   4.5714067e-02
   4.0969368e-02
   3.7017793e-02
   3.4329910e-02
   3.1365320e-02
   2.9052073e-02
   2.6770782e-02
   2.4498285e-02
   2.2530471e-02
   2.1325128e-02
   2.0630298e-02
   1.9544920e-02
   1.7876500e-02
   1.6647045e-02
   1.6548786e-02
   1.4075627e-02
   1.2790417e-02
   1.2029815e-02
   1.2488586e-02
   1.1299129e-02
   9.6404707e-03
   9.2299339e-03
   9.3598032e-03
   8.6603175e-03
   7.4195286e-03
   7.6415098e-03
   7.0103391e-03
   6.3747643e-03
   5.8400386e-03
   5.5231217e-03
   5.3784622e-03
   4.9862948e-03
   4.8855432e-03
   4.7737031e-03
   4.4208586e-03
   3.7259280e-03
   3.6558094e-03
   3.6866146e-03
   3.2234487e-03
   3.3023733e-03
   3.1765906e-03
   2.8900179e-03
   3.1880301e-03
   1.4812413e+02
   1.2308286e+00
   5.1145839e-01
   3.0912920e-01
   2.2736149e-01
   1.6865213e-01
   1.2960564e-01
   1.0401428e-01
   8.4601233e-02
   7.2446650e-02
   6.3266346e-02
   5.3975367e-02
   4.6251100e-02
   4.0454607e-02
   3.6044738e-02
   3.2891549e-02
   2.9992989e-02
   2.6974226e-02
   2.4339654e-02
   2.3517269e-02
   2.1905135e-02
   2.0709121e-02
   1.9751704e-02
   1.7725037e-02
   1.6674252e-02
   1.6650469e-02
   1.5134492e-02
   1.3921912e-02
   1.2822712e-02
   1.1394056e-02
   1.1191936e-02
   1.0206716e-02
   9.8955715e-03
   8.9785960e-03
   8.2649142e-03
   7.8187895e-03
   7.2606672e-03
   6.9796483e-03
   6.3255618e-03
   6.1173700e-03
   5.6847637e-03
   5.1078854e-03
   4.4078792e-03
   4.5052959e-03
   4.3655810e-03
   4.1748246e-03
   4.0522267e-03
   3.9061267e-03
   3.8731552e-03
   3.6645965e-03
   3.3022846e-03
   2.9541245e-03
   2.7768953e-03
   2.7391892e-03
   2.2822713e-03
   2.3833730e-03
   1.4785425e+02
   5.6499665e-01
   1.6171251e-01
   8.4523884e-02
   5.6999858e-02
   4.1670321e-02
   3.3973769e-02
   2.8980718e-02
   2.6029214e-02
   2.6996262e-02
   2.5899131e-02
   2.4898978e-02
   2.5709148e-02
   2.4072784e-02
   2.4176000e-02
   2.4164315e-02
   2.5031072e-02
   2.4716302e-02
   2.4029049e-02
   2.4101669e-02
   2.3176988e-02
   2.3445013e-02
   2.1871276e-02
   2.0224879e-02
   1.9824391e-02
   1.9834507e-02
   1.9303864e-02
   1.6989777e-02
   1.6056311e-02
   1.5399894e-02
   1.4460288e-02
   1.4081946e-02
   1.2569196e-02
   1.1543830e-02
   1.1276843e-02
   1.0329014e-02
   9.4240839e-03
   9.2430681e-03
   8.3609235e-03
   7.6656337e-03
   7.3780686e-03
   6.7090053e-03
   6.7029194e-03
   6.3519794e-03
   5.8768399e-03
   5.4504277e-03
   5.0093495e-03
   4.4975141e-03
   4.4417756e-03
   4.1603162e-03
   3.9266017e-03
   3.8012532e-03
   3.5192505e-03
   3.3053815e-03
   3.2238427e-03
   3.0277504e-03
   1.4837076e+02
   1.0570999e+00
   4.6465270e-01
   3.0129663e-01
   2.3219336e-01
   1.8030919e-01
   1.4638204e-01
   1.2175920e-01
   1.0471122e-01
   8.9603160e-02
   8.1128177e-02
   7.1826129e-02
   6.4646325e-02
   5.9370380e-02
   5.4348592e-02
   5.0456120e-02
   4.7257975e-02
   4.4018275e-02
   4.2513087e-02
   3.9550529e-02
   3.7619126e-02
   3.5394254e-02
   3.3435342e-02
   3.2843987e-02
   3.0934930e-02
   2.7900381e-02
   2.6563104e-02
   2.5832786e-02
   2.4495964e-02
   2.3129231e-02
   2.1947060e-02
   2.0468540e-02
   1.9590831e-02
   1.8238697e-02
   1.6812810e-02
   1.5747217e-02
   1.5379230e-02
   1.2859731e-02
   1.2529690e-02
   1.1367454e-02
   1.0352377e-02
   9.2275248e-03
   8.4781978e-03
   8.5429062e-03
   7.5647259e-03
   6.9581554e-03
   6.3305121e-03
   5.6306055e-03
   5.1915306e-03
   5.0051934e-03
   4.7652158e-03
   4.5077252e-03
   4.1157727e-03
   4.0031541e-03
   3.9462004e-03
   3.6856189e-03
   1.4853286e+02
   9.2691800e-01
   3.5949610e-01
   2.2690568e-01
   1.7310942e-01
   1.3267792e-01
   1.0712693e-01
   8.9736203e-02
   7.5608721e-02
   6.2810198e-02
   5.6995734e-02
   5.0938408e-02
   4.5824278e-02
   4.2034146e-02
   3.9300936e-02
   3.5385751e-02
   3.3620987e-02
   3.2384700e-02
   2.9261326e-02
   2.9296218e-02
   2.7217219e-02
   2.5393652e-02
   2.4558967e-02
   2.3548563e-02
   2.1704779e-02
   2.0517979e-02
   2.0292944e-02
   1.8257007e-02
   1.6721552e-02
   1.6295206e-02
   1.5358657e-02
   1.5024639e-02
   1.3815513e-02
   1.2395670e-02
   1.1554520e-02
   1.0578347e-02
   1.0354762e-02
   1.0104662e-02
   8.9696100e-03
   8.3366637e-03
   7.9947235e-03
   7.5276300e-03
   6.7021473e-03
   6.9927723e-03
   6.5861351e-03
   6.1053765e-03
   5.9701329e-03
   5.6765993e-03
   5.5002862e-03
   5.4210534e-03
   5.3730150e-03
   5.2378249e-03
   5.0037089e-03
   4.7435734e-03
   4.5537832e-03
   4.6522707e-03
   1.4810030e+02
   9.5417441e-01
   4.3211809e-01
   2.8778730e-01
   2.2412023e-01
   1.7676491e-01
   1.4476581e-01
   1.2243712e-01
   1.0551128e-01
   9.0205933e-02
   8.1689834e-02
   7.1439887e-02
   6.3523741e-02
   5.7122354e-02
   5.1315853e-02
   4.6740125e-02
   4.3134016e-02
   3.9428451e-02
   3.5870230e-02
   3.4179780e-02
   3.1460812e-02
   2.8631293e-02
   2.7498206e-02
   2.4733454e-02
   2.3299605e-02
   2.2052777e-02
   2.0936352e-02
   1.9762905e-02
   1.8466606e-02
   1.7464579e-02
   1.6634199e-02
   1.5733073e-02
   1.4316597e-02
   1.3060896e-02
   1.2642906e-02
   1.1566953e-02
   1.0697615e-02
   1.0004869e-02
   8.7737624e-03
   8.2085713e-03
   7.9983293e-03
   7.6633508e-03
   6.5406089e-03
   6.5866999e-03
   5.5434439e-03
   4.9479898e-03
   4.6019769e-03
   4.0694635e-03
   3.5645189e-03
   2.8468081e-03
   2.3074806e-03
   2.1460054e-03
   1.9890629e-03
   1.9736437e-03
   1.9039426e-03
   1.7478945e-03
   1.4804847e+02
   7.5196199e-01
   3.2099388e-01
   2.0719466e-01
   1.5635431e-01
   1.2147388e-01
   9.7325135e-02
   7.9921996e-02
   6.8060584e-02
   5.9641376e-02
   5.3037143e-02
   4.5889130e-02
   4.1026614e-02
   3.6230454e-02
   3.2265135e-02
   2.9997860e-02
   2.7215890e-02
   2.5073473e-02
   2.3801261e-02
   2.0870827e-02
   2.0692532e-02
   1.9481815e-02
   1.6995737e-02
   1.6387040e-02
   1.4858300e-02
   1.4316165e-02
   1.2314743e-02
   1.2344631e-02
   1.1799274e-02
   1.1391452e-02
   1.0437490e-02
   9.3998238e-03
   9.2431911e-03
   7.8797381e-03
   7.0688011e-03
   7.3326051e-03
   7.0290698e-03
   6.6631457e-03
   6.0486960e-03
   5.7144327e-03
   4.7052445e-03
   3.9305212e-03
   3.7583114e-03
   3.7443420e-03
   3.4524215e-03
   3.3476221e-03
   3.2577400e-03
   2.9500853e-03
   2.5252859e-03
   2.2983492e-03
   2.1994619e-03
   1.9841009e-03
   1.8887009e-03
   1.6851851e-03
   1.6929574e-03
   1.5929592e-03
   1.4721269e+02
   9.8216394e-01
   3.9340427e-01
   2.5005631e-01
   1.9427968e-01
   1.5349302e-01
   1.2800145e-01
   1.0782600e-01
   9.3061844e-02
   7.8599101e-02
   7.0994661e-02
   6.2596181e-02
   5.4777038e-02
   4.9047237e-02
   4.3640587e-02
   3.8954075e-02
   3.4944541e-02
   3.1639563e-02
   2.8890218e-02
   2.6476451e-02
   2.4609268e-02
   2.1881010e-02
   2.0425708e-02
   2.0055067e-02
   1.8189299e-02
   1.6751300e-02
   1.4972045e-02
   1.4561969e-02
   1.4006097e-02
   1.3437963e-02
   1.1866832e-02
   1.0841515e-02
   1.0781124e-02
   1.0042286e-02
   9.4114572e-03
   8.2268926e-03
   8.2539105e-03
   7.3373919e-03
   7.1460530e-03
   6.3794107e-03
   5.6159869e-03
   5.8306459e-03
   5.3668653e-03
   5.3094726e-03
   4.9274239e-03
   4.8440298e-03
   4.5462891e-03
   4.2062095e-03
   3.8381305e-03
   3.6808840e-03
   3.4911372e-03
   3.3196837e-03
   3.3051052e-03
   2.9714782e-03
   2.9081192e-03
   2.5533748e-03
   1.4859404e+02
   4.3003982e-01
   2.2362657e-01
   1.8084067e-01
   1.5972254e-01
   1.4256070e-01
   1.2647291e-01
   1.1361512e-01
   1.0257847e-01
   9.2646551e-02
   8.4679607e-02
   7.5948451e-02
   6.8069788e-02
   6.1043808e-02
   5.4559161e-02
   5.0528437e-02
   4.4694554e-02
   4.1084902e-02
   3.6917198e-02
   3.3192926e-02
   3.0050028e-02
   2.9374485e-02
   2.6851474e-02
   2.4947232e-02
   2.3425042e-02
   2.2169466e-02
   2.0457252e-02
   1.8398276e-02
   1.8357476e-02
   1.6897289e-02
   1.5846787e-02
   1.4814218e-02
   1.3809108e-02
   1.2790905e-02
   1.1918859e-02
   1.0682171e-02
   9.9920306e-03
   9.0711463e-03
   6.1106466e-03
   5.7417880e-03
   7.5837114e-03
   6.3592707e-03
   5.8145907e-03
   5.7517206e-03
   5.2134738e-03
   4.9236211e-03
   4.3603100e-03
   3.0520633e-03
   2.6003354e-03
   3.4342034e-03
   3.4593377e-03
   3.1415333e-03
   3.1650493e-03
   2.9459199e-03
   2.7545046e-03
   2.5690944e-03
   1.4868223e+02
   1.7132904e+00
   6.7494650e-01
   4.0559242e-01
   3.0026967e-01
   2.2578831e-01
   1.7982136e-01
   1.4600990e-01
   1.2145985e-01
   1.0214119e-01
   8.8343315e-02
   7.5349911e-02
   6.4784981e-02
   5.6087953e-02
   4.9004277e-02
   4.2545582e-02
   3.8557499e-02
   3.4248348e-02
   2.9825283e-02
   2.7620449e-02
   2.5206191e-02
   2.2741977e-02
   2.0690889e-02
   1.9381049e-02
   1.8029018e-02
   1.6873909e-02
   1.5513551e-02
   1.5259248e-02
   1.3924010e-02
   1.3714634e-02
   1.3128821e-02
   1.2285166e-02
   1.0681164e-02
   9.8208982e-03
   9.1409516e-03
   8.3000407e-03
   7.6761545e-03
   6.9867452e-03
   6.5294036e-03
   6.2809391e-03
   5.1508641e-03
   5.2187671e-03
   4.6863123e-03
   4.7158735e-03
   4.3573887e-03
   3.8796726e-03
   3.2344585e-03
   2.9762025e-03
   2.9084704e-03
   2.5455283e-03
   2.3013089e-03
   2.2232738e-03
   2.2581168e-03
   2.0124118e-03
   1.7596275e-03
   1.6242604e-03
   1.4850161e+02
   1.0157697e+00
   4.4609139e-01
   2.8022255e-01
   2.1341552e-01
   1.6618740e-01
   1.3298506e-01
   1.1057433e-01
   9.3858388e-02
   8.0454524e-02
   7.2063898e-02
   6.2824024e-02
   5.5637488e-02
   4.8282931e-02
   4.2587732e-02
   3.8319007e-02
   3.3987081e-02
   3.0201265e-02
   2.8116569e-02
   2.6752162e-02
   2.3526146e-02
   2.2052165e-02
   1.9783841e-02
   1.8278511e-02
   1.6923811e-02
   1.6465487e-02
   1.5027386e-02
   1.4034265e-02
   1.3355804e-02
   1.2273599e-02
   1.1546923e-02
   1.1082968e-02
   1.0517039e-02
   9.7353301e-03
   8.2573963e-03
   7.9205072e-03
   7.4427949e-03
   6.2659989e-03
   5.6770461e-03
   4.8847453e-03
   4.8112808e-03
   4.8442216e-03
   4.6006928e-03
   4.3836892e-03
   4.0107754e-03
   3.4804125e-03
   3.1803495e-03
   3.0255680e-03
   2.5560839e-03
   2.3662720e-03
   2.3681439e-03
   1.8975236e-03
   1.9168477e-03
   1.6849568e-03
   1.4701328e-03
   1.1968797e-03
   1.4851187e+02
   8.6344369e-01
   3.8945228e-01
   2.4364724e-01
   1.8307041e-01
   1.3801931e-01
   1.1001735e-01
   9.2031814e-02
   7.6549221e-02
   6.5888292e-02
   5.7994725e-02
   5.0270523e-02
   4.4133304e-02
   3.9195426e-02
   3.4503868e-02
   3.1087191e-02
   2.7459826e-02
   2.5181776e-02
   2.3026690e-02
   2.1848297e-02
   1.8619371e-02
   1.7859264e-02
   1.6500290e-02
   1.5170790e-02
   1.3677304e-02
   1.2662485e-02
   1.2082982e-02
   1.1274011e-02
   1.0293281e-02
   9.4045850e-03
   8.5373530e-03
   8.3676381e-03
   8.0993420e-03
   7.8865171e-03
   6.9859154e-03
   6.3573127e-03
   6.2704541e-03
   5.3883341e-03
   5.1062624e-03
   4.5238891e-03
   4.8908933e-03
   4.3959978e-03
   4.1894136e-03
   4.0834956e-03
   4.0678813e-03
   4.0875926e-03
   3.8739056e-03
   3.9679746e-03
   4.0869711e-03
   3.9441090e-03
   3.7000873e-03
   3.6077271e-03
   3.6552671e-03
   3.5160400e-03
   3.6259892e-03
   3.4226285e-03
