   6.4005193e+01
   1.6145986e+00
   8.7842960e-01
   6.0707986e-01
   4.5911194e-01
   3.4803102e-01
   2.7801127e-01
   2.3438965e-01
   1.9792108e-01
   1.8037958e-01
   1.4823392e-01
   1.3513723e-01
   1.2218565e-01
   1.0385216e-01
   9.1143215e-02
   8.5981220e-02
   8.3210130e-02
   7.0597137e-02
   6.8779860e-02
   6.5344362e-02
   5.5976262e-02
   5.2522410e-02
   4.9520330e-02
   4.6801090e-02
   4.9459262e-02
   4.5824151e-02
   4.0348491e-02
   3.8632691e-02
   3.4511255e-02
   3.3845950e-02
   3.6878115e-02
   3.4459950e-02
   3.0864668e-02
   2.8184914e-02
   2.4938150e-02
   2.4170773e-02
   2.5598292e-02
   2.4590705e-02
   2.3550389e-02
   2.2971772e-02
   2.2773086e-02
   2.1876847e-02
   2.1034996e-02
   2.0365735e-02
   1.9415186e-02
   1.8451446e-02
   1.7802518e-02
   1.7024933e-02
   1.6115316e-02
   1.5583084e-02
   1.5306888e-02
   1.5527412e-02
   1.4623329e-02
   1.4105599e-02
   1.3502429e-02
   1.2676891e-02
   6.4844986e+01
   1.7583769e+00
   9.4188545e-01
   7.1355921e-01
   5.5088799e-01
   4.2314917e-01
   3.4232803e-01
   2.9624492e-01
   2.4457272e-01
   2.1805747e-01
   1.8617714e-01
   1.6614399e-01
   1.4496327e-01
   1.4021011e-01
   1.2715627e-01
   1.1494003e-01
   9.6746955e-02
   9.7233005e-02
   9.4664982e-02
   8.6755540e-02
   7.8074027e-02
   7.3468175e-02
   7.2130810e-02
   6.8194007e-02
   6.7543611e-02
   6.3315745e-02
   5.5879774e-02
   5.5693245e-02
   4.9464592e-02
   4.8399921e-02
   4.7570195e-02
   4.2175917e-02
   4.0820497e-02
   3.8438766e-02
   3.8193387e-02
   3.7619485e-02
   3.7201475e-02
   3.6510058e-02
   3.4897632e-02
   3.3460367e-02
   3.4031418e-02
   3.3190667e-02
   3.1614852e-02
   3.0725933e-02
   2.9532881e-02
   2.8352409e-02
   2.7895974e-02
   2.7566703e-02
   2.6794350e-02
   2.5892198e-02
   2.5107593e-02
   2.4059675e-02
   2.2690186e-02
   2.1874960e-02
   2.2534856e-02
   2.1888342e-02
   6.5009988e+01
   1.8009070e+00
   1.0812044e+00
   7.4017693e-01
   5.7499136e-01
   4.6587719e-01
   3.6539952e-01
   3.1781962e-01
   2.5804483e-01
   2.3492003e-01
   2.1431621e-01
   1.9013872e-01
   1.5636181e-01
   1.6246082e-01
   1.4030497e-01
   1.3781321e-01
   1.3395875e-01
   1.1891671e-01
   1.0637019e-01
   9.2400707e-02
   8.3311860e-02
   7.9405593e-02
   7.8085717e-02
   7.4638844e-02
   7.4226022e-02
   6.5085649e-02
   6.2001771e-02
   6.2607204e-02
   5.9796854e-02
   5.3215409e-02
   5.7200402e-02
   5.4944820e-02
   4.9476532e-02
   4.7600515e-02
   4.8326063e-02
   4.3979137e-02
   4.3908676e-02
   4.1201866e-02
   3.9091471e-02
   3.6479569e-02
   3.6683047e-02
   3.4929997e-02
   3.4013440e-02
   3.2910614e-02
   3.2617292e-02
   3.1699939e-02
   3.0056080e-02
   2.8109044e-02
   2.8417574e-02
   2.8335205e-02
   2.7584773e-02
   2.6807994e-02
   2.4579961e-02
   2.3758428e-02
   2.1384965e-02
   2.0728889e-02
   6.4543761e+01
   2.1307417e+00
   1.3327133e+00
   9.5892185e-01
   7.3774857e-01
   5.8876333e-01
   5.0441417e-01
   4.1989729e-01
   3.6788002e-01
   3.1645657e-01
   2.7080214e-01
   2.4804982e-01
   2.2637154e-01
   2.1103503e-01
   1.9048614e-01
   1.7137908e-01
   1.5735000e-01
   1.4961537e-01
   1.2497708e-01
   1.1688145e-01
   1.1892151e-01
   1.1491458e-01
   1.0001820e-01
   9.6175326e-02
   9.5202129e-02
   8.2340828e-02
   8.4682679e-02
   7.5864609e-02
   7.7527476e-02
   6.8802610e-02
   7.0515818e-02
   6.2081486e-02
   6.0802624e-02
   5.9882693e-02
   5.6301025e-02
   5.3223179e-02
   5.1586492e-02
   4.9119324e-02
   4.6314555e-02
   4.2013735e-02
   4.3030400e-02
   4.1496790e-02
   3.8702604e-02
   3.9405909e-02
   3.8673965e-02
   3.7336065e-02
   3.7475968e-02
   3.5676281e-02
   3.6266865e-02
   3.5183544e-02
   3.5031060e-02
   3.5800852e-02
   3.5863722e-02
   3.2628658e-02
   3.0041882e-02
   2.7282451e-02
   6.3802955e+01
   3.2518702e+00
   2.1044636e+00
   1.4845111e+00
   1.1042254e+00
   9.3649924e-01
   7.8775043e-01
   6.7633082e-01
   5.7856002e-01
   4.9244256e-01
   4.5214554e-01
   4.0736569e-01
   3.6899576e-01
   3.3775961e-01
   2.9754658e-01
   2.8845844e-01
   2.6026162e-01
   2.3296446e-01
   2.1461818e-01
   2.0368371e-01
   1.9162465e-01
   1.7605604e-01
   1.6333330e-01
   1.6239723e-01
   1.4677983e-01
   1.4153616e-01
   1.2917159e-01
   1.2034094e-01
   1.1695652e-01
   1.1044445e-01
   1.0715781e-01
   1.0086553e-01
   9.6738163e-02
   9.3910730e-02
   9.0020948e-02
   8.6991464e-02
   8.3409619e-02
   7.7628067e-02
   7.4020069e-02
   6.9631831e-02
   6.9318235e-02
   6.6494002e-02
   6.2338906e-02
   5.9736190e-02
   5.7324571e-02
   5.4903863e-02
   5.2221559e-02
   4.9964654e-02
   4.6915353e-02
   4.5672498e-02
   4.2822817e-02
   4.0413926e-02
   3.8364921e-02
   3.7267091e-02
   3.5095266e-02
   3.3678838e-02
   6.4063434e+01
   5.1443025e+00
   3.3291112e+00
   2.3509435e+00
   1.8570348e+00
   1.5506918e+00
   1.2991278e+00
   1.1038947e+00
   9.7014529e-01
   8.4686182e-01
   7.5354681e-01
   6.8525904e-01
   6.0975407e-01
   5.4852361e-01
   4.9111080e-01
   4.5117717e-01
   4.2157037e-01
   3.8797355e-01
   3.5790605e-01
   3.3336249e-01
   3.0867514e-01
   2.9052188e-01
   2.7148266e-01
   2.5437681e-01
   2.4063287e-01
   2.2808897e-01
   2.1101859e-01
   1.9769196e-01
   1.8708903e-01
   1.7845329e-01
   1.7530320e-01
   1.6565841e-01
   1.5346539e-01
   1.4364210e-01
   1.3532652e-01
   1.2677061e-01
   1.2284830e-01
   1.1556588e-01
   1.1072630e-01
   1.0730242e-01
   1.0657170e-01
   1.0090605e-01
   9.6050094e-02
   9.1095702e-02
   8.5291265e-02
   8.0908445e-02
   7.6359003e-02
   7.1757358e-02
   6.7309183e-02
   6.5516177e-02
   6.2167013e-02
   5.9555221e-02
   5.8571283e-02
   5.5610270e-02
   5.1953826e-02
   4.8565164e-02
   6.3009110e+01
   1.0039814e+01
   6.4895794e+00
   4.6698424e+00
   3.6461761e+00
   3.0605116e+00
   2.5467556e+00
   2.1694026e+00
   1.8751643e+00
   1.6536693e+00
   1.4649852e+00
   1.3041043e+00
   1.1640697e+00
   1.0569027e+00
   9.6374776e-01
   8.8407855e-01
   8.0449328e-01
   7.4820513e-01
   6.8642839e-01
   6.3612096e-01
   5.8262135e-01
   5.3485824e-01
   4.9555251e-01
   4.6437715e-01
   4.3864899e-01
   4.0898398e-01
   3.8628876e-01
   3.6011239e-01
   3.3397253e-01
   3.1257278e-01
   3.0640519e-01
   2.8862597e-01
   2.7000183e-01
   2.5360935e-01
   2.3916814e-01
   2.2419637e-01
   2.1857626e-01
   2.0441671e-01
   1.9053139e-01
   1.7733569e-01
   1.7774647e-01
   1.6748676e-01
   1.5823518e-01
   1.4978713e-01
   1.4197128e-01
   1.3366743e-01
   1.2666767e-01
   1.2028875e-01
   1.1453612e-01
   1.1165734e-01
   1.0496773e-01
   9.9228998e-02
   9.2308178e-02
   8.8265745e-02
   8.4666711e-02
   8.1293505e-02
   6.1480978e+01
   1.8788989e+01
   1.1845993e+01
   8.4252898e+00
   6.6220150e+00
   5.4875773e+00
   4.5543165e+00
   3.8755177e+00
   3.3553826e+00
   2.9507135e+00
   2.6044869e+00
   2.3201929e+00
   2.0821206e+00
   1.8747033e+00
   1.7034539e+00
   1.5546197e+00
   1.4228479e+00
   1.3148628e+00
   1.2071520e+00
   1.1171105e+00
   1.0378144e+00
   9.5935597e-01
   8.9127201e-01
   8.2459264e-01
   7.8262527e-01
   7.2929696e-01
   6.8256347e-01
   6.4161350e-01
   5.9721846e-01
   5.6286168e-01
   5.4950722e-01
   5.1667397e-01
   4.8417703e-01
   4.5519296e-01
   4.2817683e-01
   4.0270548e-01
   3.9104698e-01
   3.6797029e-01
   3.4819358e-01
   3.2900883e-01
   3.2742040e-01
   3.0871503e-01
   2.9114814e-01
   2.7403198e-01
   2.5913238e-01
   2.4551945e-01
   2.3200944e-01
   2.2007755e-01
   2.0815710e-01
   2.0084877e-01
   1.8964405e-01
   1.7965197e-01
   1.7017814e-01
   1.6229890e-01
   1.5422420e-01
   1.4614126e-01
   6.4211055e+01
   3.8342370e+01
   2.3811954e+01
   1.6843251e+01
   1.2841970e+01
   1.0632869e+01
   8.7176931e+00
   7.3537142e+00
   6.2918298e+00
   5.4691970e+00
   4.7841505e+00
   4.2466758e+00
   3.7828285e+00
   3.3828832e+00
   3.0264993e+00
   2.7437890e+00
   2.4689569e+00
   2.2978255e+00
   2.0991546e+00
   1.9320839e+00
   1.7692329e+00
   1.6206299e+00
   1.5018692e+00
   1.3845398e+00
   1.3074257e+00
   1.2091503e+00
   1.1282417e+00
   1.0523723e+00
   9.7531280e-01
   8.9462624e-01
   8.8526108e-01
   8.2528549e-01
   7.7130800e-01
   7.1802018e-01
   6.7213851e-01
   6.2954908e-01
   6.0852683e-01
   5.6632754e-01
   5.3066594e-01
   4.9754835e-01
   4.9700130e-01
   4.6520871e-01
   4.3444466e-01
   4.0799619e-01
   3.8134463e-01
   3.5720223e-01
   3.3521437e-01
   3.1497170e-01
   2.9792702e-01
   2.8711765e-01
   2.7260029e-01
   2.5735346e-01
   2.4257964e-01
   2.2750396e-01
   2.1350361e-01
   1.9943286e-01
   6.4742999e+01
   3.9923140e+01
   2.4385562e+01
   1.7197352e+01
   1.3185805e+01
   1.0934386e+01
   9.0541803e+00
   7.6318241e+00
   6.5376081e+00
   5.6949705e+00
   5.0184705e+00
   4.4541382e+00
   3.9728125e+00
   3.5785737e+00
   3.2301548e+00
   2.9326251e+00
   2.6697724e+00
   2.4672075e+00
   2.2521394e+00
   2.0651522e+00
   1.9038521e+00
   1.7458283e+00
   1.6313660e+00
   1.5125269e+00
   1.4172560e+00
   1.3284391e+00
   1.2316141e+00
   1.1491025e+00
   1.0665662e+00
   9.8683529e-01
   9.7467700e-01
   9.0609059e-01
   8.4845859e-01
   7.9144734e-01
   7.4340088e-01
   6.9598740e-01
   6.7635981e-01
   6.3620782e-01
   6.0020300e-01
   5.6652786e-01
   5.6445939e-01
   5.3016923e-01
   4.9689221e-01
   4.6869030e-01
   4.4227898e-01
   4.1551957e-01
   3.9262511e-01
   3.6956163e-01
   3.4907042e-01
   3.3697944e-01
   3.1825767e-01
   3.0019277e-01
   2.8319249e-01
   2.6904699e-01
   2.5488201e-01
   2.4310646e-01
   6.4728107e+01
   4.0548243e+01
   2.5310275e+01
   1.7972858e+01
   1.3878314e+01
   1.1537815e+01
   9.5320730e+00
   8.0656895e+00
   6.9263638e+00
   6.0282127e+00
   5.2905804e+00
   4.7212675e+00
   4.1807254e+00
   3.7577615e+00
   3.3806163e+00
   3.0627008e+00
   2.7964656e+00
   2.5872980e+00
   2.3539453e+00
   2.1591724e+00
   1.9749980e+00
   1.8285342e+00
   1.6607791e+00
   1.5577754e+00
   1.4712230e+00
   1.3649111e+00
   1.2747741e+00
   1.1822123e+00
   1.0990328e+00
   1.0269267e+00
   1.0056200e+00
   9.3617469e-01
   8.7011178e-01
   8.0907528e-01
   7.5530509e-01
   7.0538183e-01
   6.8664157e-01
   6.4532037e-01
   6.0213961e-01
   5.6602625e-01
   5.6428446e-01
   5.2902007e-01
   4.9598973e-01
   4.6621863e-01
   4.3808289e-01
   4.1102277e-01
   3.8596260e-01
   3.6440827e-01
   3.4352497e-01
   3.3172049e-01
   3.1230796e-01
   2.9496961e-01
   2.7669316e-01
   2.6175613e-01
   2.4644160e-01
   2.3254898e-01
   6.4675255e+01
   2.5925926e+01
   1.5805315e+01
   1.1023144e+01
   8.5194832e+00
   7.0396725e+00
   5.7974967e+00
   4.8862591e+00
   4.1975949e+00
   3.6466508e+00
   3.2106782e+00
   2.8551453e+00
   2.5410779e+00
   2.2819075e+00
   2.0524488e+00
   1.8820251e+00
   1.7023665e+00
   1.5781171e+00
   1.4553251e+00
   1.3287764e+00
   1.2178548e+00
   1.1220869e+00
   1.0447713e+00
   9.6418896e-01
   9.0717407e-01
   8.4683019e-01
   7.8732886e-01
   7.3471126e-01
   6.7955191e-01
   6.3936026e-01
   6.2684079e-01
   5.8641488e-01
   5.4491662e-01
   5.1248576e-01
   4.8013822e-01
   4.5209118e-01
   4.3797048e-01
   4.0947968e-01
   3.8749969e-01
   3.6237835e-01
   3.6159092e-01
   3.4138077e-01
   3.2324222e-01
   3.0283416e-01
   2.8433111e-01
   2.6839672e-01
   2.5298406e-01
   2.3852463e-01
   2.2778244e-01
   2.2069039e-01
   2.0871901e-01
   1.9791122e-01
   1.8812042e-01
   1.7705349e-01
   1.6758301e-01
   1.6061401e-01
   6.3920872e+01
   1.3482636e+01
   8.5173646e+00
   6.1128238e+00
   4.7328817e+00
   3.9000873e+00
   3.2284785e+00
   2.7230248e+00
   2.3462274e+00
   2.0495188e+00
   1.7961160e+00
   1.5919291e+00
   1.4132364e+00
   1.2763758e+00
   1.1485604e+00
   1.0456811e+00
   9.4685931e-01
   8.8004241e-01
   7.9916474e-01
   7.2676868e-01
   6.7314472e-01
   6.2836170e-01
   5.7678921e-01
   5.1927888e-01
   5.0623681e-01
   4.7209099e-01
   4.4553469e-01
   4.0491768e-01
   3.7896407e-01
   3.6130728e-01
   3.5056394e-01
   3.2698086e-01
   3.0527142e-01
   2.8650953e-01
   2.6992263e-01
   2.5071732e-01
   2.4521334e-01
   2.3032952e-01
   2.1686192e-01
   2.0356884e-01
   2.0240976e-01
   1.8890383e-01
   1.7767591e-01
   1.6735211e-01
   1.5701511e-01
   1.5009300e-01
   1.4426951e-01
   1.3750900e-01
   1.3159367e-01
   1.2831612e-01
   1.2061802e-01
   1.1304300e-01
   1.0652024e-01
   9.8993737e-02
   9.2250768e-02
   8.6096186e-02
   6.4685768e+01
   6.5843543e+00
   4.2690099e+00
   3.0126375e+00
   2.3504606e+00
   1.9865628e+00
   1.6370175e+00
   1.3916638e+00
   1.2046110e+00
   1.0572767e+00
   9.2239501e-01
   8.1924558e-01
   7.4061558e-01
   6.6912799e-01
   5.9690517e-01
   5.3731502e-01
   4.8864101e-01
   4.6343433e-01
   4.2336774e-01
   3.8915595e-01
   3.5868194e-01
   3.3544737e-01
   2.8797806e-01
   2.8657428e-01
   2.6128625e-01
   2.4826016e-01
   2.3063509e-01
   2.1679582e-01
   1.9812559e-01
   1.8434526e-01
   1.7533811e-01
   1.6206787e-01
   1.5216326e-01
   1.4498351e-01
   1.3135862e-01
   1.2541244e-01
   1.2097228e-01
   1.1555482e-01
   1.0974469e-01
   1.0401174e-01
   1.0357415e-01
   9.9903808e-02
   9.5336417e-02
   9.0457935e-02
   8.5328055e-02
   8.1164106e-02
   7.6631086e-02
   7.1181808e-02
   6.6872617e-02
   6.5822494e-02
   6.1543181e-02
   6.0472225e-02
   5.6790388e-02
   5.3502925e-02
   5.1403155e-02
   4.8044838e-02
   6.4220442e+01
   4.2274376e+00
   2.7175295e+00
   1.9398311e+00
   1.4855648e+00
   1.2282483e+00
   1.0408994e+00
   8.7709167e-01
   7.4193550e-01
   6.4758423e-01
   5.6455352e-01
   5.0960204e-01
   4.6347330e-01
   3.9946564e-01
   3.6861551e-01
   3.3086822e-01
   3.1993528e-01
   2.7925010e-01
   2.6037949e-01
   2.5076720e-01
   2.1648906e-01
   2.1038868e-01
   1.9738738e-01
   1.7929586e-01
   1.7139673e-01
   1.5562531e-01
   1.4410753e-01
   1.3436598e-01
   1.2077804e-01
   1.2115374e-01
   1.1574433e-01
   1.0854507e-01
   9.9855684e-02
   9.2777278e-02
   8.8315000e-02
   8.9139587e-02
   8.7833495e-02
   8.6697627e-02
   8.1642685e-02
   7.8255025e-02
   7.7348661e-02
   7.4578326e-02
   6.9332480e-02
   6.6313391e-02
   6.0988071e-02
   5.8172031e-02
   5.4215686e-02
   5.2652702e-02
   5.0734061e-02
   4.8057512e-02
   4.7101554e-02
   4.5917108e-02
   4.4434607e-02
   4.3061149e-02
   4.2745543e-02
   4.1341778e-02
   6.5027154e+01
   3.6224242e+00
   2.3055586e+00
   1.6549297e+00
   1.2255535e+00
   1.0479778e+00
   8.6674613e-01
   7.3697020e-01
   6.4101226e-01
   5.4730644e-01
   4.7604029e-01
   4.3244283e-01
   3.9907805e-01
   3.4139672e-01
   3.1286598e-01
   2.9517491e-01
   2.3207961e-01
   2.4294482e-01
   2.1739622e-01
   1.9858440e-01
   1.8185313e-01
   1.6994145e-01
   1.4751170e-01
   1.4450579e-01
   1.3162995e-01
   1.3638205e-01
   1.2706002e-01
   1.2133798e-01
   1.0917548e-01
   1.0805976e-01
   1.0225092e-01
   1.0111736e-01
   9.6261586e-02
   8.7963695e-02
   8.3821563e-02
   7.7498318e-02
   7.5786831e-02
   7.0447041e-02
   6.7404337e-02
   6.6345008e-02
   6.5474897e-02
   6.3133960e-02
   6.0597275e-02
   5.7165398e-02
   5.3776231e-02
   4.9933644e-02
   4.8793856e-02
   4.7926406e-02
   4.7957156e-02
   4.7122043e-02
   4.7574831e-02
   4.5015173e-02
   4.3124814e-02
   4.0069701e-02
   3.7709840e-02
   3.5545690e-02
   6.5484354e+01
   4.4519412e+00
   2.8720471e+00
   2.0048409e+00
   1.5124886e+00
   1.3063866e+00
   1.0839684e+00
   9.1832977e-01
   7.9744810e-01
   6.8575542e-01
   6.1148171e-01
   5.6146791e-01
   4.8771302e-01
   4.4578024e-01
   3.9417198e-01
   3.6783848e-01
   3.2762705e-01
   3.1166694e-01
   2.7893841e-01
   2.5369276e-01
   2.2623074e-01
   2.0611279e-01
   2.0098211e-01
   1.9755334e-01
   1.7301418e-01
   1.6246197e-01
   1.5793510e-01
   1.4789630e-01
   1.3535323e-01
   1.2757273e-01
   1.2812712e-01
   1.2187302e-01
   1.1538403e-01
   1.0811701e-01
   1.0262704e-01
   9.7887535e-02
   9.6592183e-02
   9.2633027e-02
   8.8016125e-02
   8.4122272e-02
   8.2740803e-02
   7.8250079e-02
   7.1796352e-02
   6.5891006e-02
   6.0370011e-02
   5.5740747e-02
   5.1471767e-02
   4.8787879e-02
   4.8247037e-02
   4.8524390e-02
   4.7007716e-02
   4.7020949e-02
   4.5863525e-02
   4.4296899e-02
   4.2722033e-02
   4.0434373e-02
   6.4720723e+01
   7.2319494e+00
   4.6832602e+00
   3.4713501e+00
   2.6951668e+00
   2.2053961e+00
   1.8301749e+00
   1.5694602e+00
   1.3425878e+00
   1.1697333e+00
   1.0380423e+00
   9.2336795e-01
   8.3431149e-01
   7.6884802e-01
   6.7576663e-01
   6.0346593e-01
   5.6482154e-01
   5.3602579e-01
   4.8438321e-01
   4.5593027e-01
   4.1526932e-01
   3.8143894e-01
   3.5304621e-01
   3.2057329e-01
   3.0572873e-01
   2.9252836e-01
   2.5431305e-01
   2.3794573e-01
   2.2967011e-01
   2.0971243e-01
   2.0759760e-01
   1.9813534e-01
   1.8277449e-01
   1.7224653e-01
   1.6101421e-01
   1.5393945e-01
   1.4986506e-01
   1.4139216e-01
   1.3535113e-01
   1.2842537e-01
   1.2954868e-01
   1.2218038e-01
   1.1683144e-01
   1.1383895e-01
   1.0788930e-01
   1.0437642e-01
   1.0299655e-01
   9.8781946e-02
   9.8192414e-02
   9.4045116e-02
   8.9884090e-02
   8.4760286e-02
   7.9292600e-02
   7.7831525e-02
   7.5496791e-02
   7.0007926e-02
   6.4777902e+01
   1.2113474e+01
   7.6346836e+00
   5.7055593e+00
   4.4847113e+00
   3.7136247e+00
   3.1220748e+00
   2.6881103e+00
   2.3156586e+00
   2.0398558e+00
   1.8206893e+00
   1.6374177e+00
   1.4806228e+00
   1.3252761e+00
   1.2311157e+00
   1.1030777e+00
   1.0197387e+00
   9.6439423e-01
   8.9144436e-01
   8.2854904e-01
   7.5357889e-01
   7.1882249e-01
   6.4938193e-01
   5.8515697e-01
   5.6697347e-01
   5.3062434e-01
   4.8700894e-01
   4.5462836e-01
   4.3314970e-01
   4.0638945e-01
   4.0142979e-01
   3.7641211e-01
   3.4936429e-01
   3.3112973e-01
   3.0759899e-01
   2.9417535e-01
   2.8534784e-01
   2.6476596e-01
   2.4955568e-01
   2.3144127e-01
   2.3199681e-01
   2.1634104e-01
   2.0450468e-01
   1.9359533e-01
   1.8148615e-01
   1.7280335e-01
   1.6499679e-01
   1.5908228e-01
   1.5212310e-01
   1.4783471e-01
   1.4009422e-01
   1.3321104e-01
   1.2635867e-01
   1.1946054e-01
   1.1371988e-01
   1.0568596e-01
   6.4362271e+01
   2.5962973e+01
   1.6479189e+01
   1.1818653e+01
   9.2152460e+00
   7.6750700e+00
   6.3868344e+00
   5.4046678e+00
   4.6427040e+00
   4.1002057e+00
   3.5750470e+00
   3.1859963e+00
   2.8680798e+00
   2.6256878e+00
   2.3372067e+00
   2.1228664e+00
   1.9134991e+00
   1.7857814e+00
   1.6444760e+00
   1.5337323e+00
   1.3988232e+00
   1.3016986e+00
   1.1926777e+00
   1.1086529e+00
   1.0508545e+00
   9.9448133e-01
   9.1141935e-01
   8.6706735e-01
   8.0234259e-01
   7.6200415e-01
   7.4121030e-01
   6.9287351e-01
   6.5220211e-01
   6.1137169e-01
   5.7471719e-01
   5.4068507e-01
   5.2551886e-01
   4.9646743e-01
   4.6762853e-01
   4.4248440e-01
   4.4059193e-01
   4.1649807e-01
   3.9441030e-01
   3.7177491e-01
   3.5119581e-01
   3.3062121e-01
   3.1033845e-01
   2.9296950e-01
   2.7675759e-01
   2.6832454e-01
   2.5486375e-01
   2.4162446e-01
   2.3007192e-01
   2.1639531e-01
   2.0378625e-01
   1.9132925e-01
   6.4785230e+01
   3.6238874e+01
   2.1865047e+01
   1.5263702e+01
   1.1700204e+01
   9.6472113e+00
   7.9647267e+00
   6.7381593e+00
   5.8023349e+00
   5.0574854e+00
   4.4621229e+00
   3.9695725e+00
   3.5666536e+00
   3.2040010e+00
   2.8998352e+00
   2.6484559e+00
   2.4172655e+00
   2.2398949e+00
   2.0589249e+00
   1.8936311e+00
   1.7560989e+00
   1.6303764e+00
   1.5069031e+00
   1.3938026e+00
   1.3300606e+00
   1.2386040e+00
   1.1510510e+00
   1.0773080e+00
   1.0057129e+00
   9.4466784e-01
   9.2272370e-01
   8.6158616e-01
   8.0606420e-01
   7.5292699e-01
   7.0659608e-01
   6.6236637e-01
   6.4392938e-01
   6.0571945e-01
   5.7282272e-01
   5.4278102e-01
   5.4068528e-01
   5.1106260e-01
   4.8272733e-01
   4.5502555e-01
   4.2820157e-01
   4.0504435e-01
   3.8317002e-01
   3.6405423e-01
   3.4522727e-01
   3.3515129e-01
   3.1653760e-01
   2.9952578e-01
   2.8172112e-01
   2.6589552e-01
   2.5042301e-01
   2.3806391e-01
   6.3817784e+01
   4.6660133e+01
   2.9430777e+01
   2.1039826e+01
   1.6352016e+01
   1.3574253e+01
   1.1243616e+01
   9.5220980e+00
   8.1877796e+00
   7.1510011e+00
   6.2812582e+00
   5.5825340e+00
   4.9802443e+00
   4.4783529e+00
   4.0405423e+00
   3.6744518e+00
   3.3425110e+00
   3.1024460e+00
   2.8366822e+00
   2.6124909e+00
   2.4093002e+00
   2.2151993e+00
   2.0507333e+00
   1.9023263e+00
   1.7964665e+00
   1.6668755e+00
   1.5451073e+00
   1.4364052e+00
   1.3407178e+00
   1.2455323e+00
   1.2203961e+00
   1.1371476e+00
   1.0612401e+00
   9.9251075e-01
   9.3037468e-01
   8.7581290e-01
   8.5072049e-01
   7.9882330e-01
   7.5062944e-01
   7.0581934e-01
   7.0463842e-01
   6.6227141e-01
   6.2408111e-01
   5.8872180e-01
   5.5514208e-01
   5.2272083e-01
   4.9213111e-01
   4.6498700e-01
   4.3917377e-01
   4.2457612e-01
   4.0084371e-01
   3.7741466e-01
   3.5662025e-01
   3.3720415e-01
   3.1941703e-01
   3.0196910e-01
   6.4207842e+01
   3.4893512e+01
   2.1900651e+01
   1.5599748e+01
   1.2107161e+01
   1.0055400e+01
   8.3480793e+00
   7.0723809e+00
   6.0868723e+00
   5.3387883e+00
   4.6935031e+00
   4.1724381e+00
   3.7328086e+00
   3.3837621e+00
   3.0616703e+00
   2.7901569e+00
   2.5322193e+00
   2.3551922e+00
   2.1588008e+00
   1.9883152e+00
   1.8287958e+00
   1.6923435e+00
   1.5653346e+00
   1.4641025e+00
   1.3862792e+00
   1.2942119e+00
   1.2041271e+00
   1.1275623e+00
   1.0502716e+00
   9.8127817e-01
   9.6041693e-01
   8.9808006e-01
   8.3928185e-01
   7.8729222e-01
   7.3764727e-01
   6.9319718e-01
   6.7351941e-01
   6.3399590e-01
   6.0014714e-01
   5.6551486e-01
   5.6399112e-01
   5.3177127e-01
   5.0030356e-01
   4.7251883e-01
   4.4655350e-01
   4.2218803e-01
   4.0096697e-01
   3.8130717e-01
   3.6369621e-01
   3.5245534e-01
   3.3467232e-01
   3.1746819e-01
   3.0086973e-01
   2.8423210e-01
   2.6989484e-01
   2.5664680e-01
   6.4836734e+01
   2.0025851e+01
   1.2691797e+01
   9.0725074e+00
   7.1004508e+00
   5.8705942e+00
   4.8903848e+00
   4.1521117e+00
   3.5814446e+00
   3.1393881e+00
   2.7664481e+00
   2.4532920e+00
   2.1966559e+00
   1.9836661e+00
   1.7944999e+00
   1.6259848e+00
   1.4800910e+00
   1.3718337e+00
   1.2649207e+00
   1.1652228e+00
   1.0733535e+00
   9.8711301e-01
   9.1940910e-01
   8.4615765e-01
   8.0738245e-01
   7.5108444e-01
   6.9939251e-01
   6.5333922e-01
   6.0341244e-01
   5.6748533e-01
   5.5623188e-01
   5.1950703e-01
   4.8377888e-01
   4.5291339e-01
   4.2463059e-01
   3.9800720e-01
   3.8598146e-01
   3.6370486e-01
   3.4202926e-01
   3.2252179e-01
   3.2279335e-01
   3.0535761e-01
   2.8903908e-01
   2.7374190e-01
   2.5955551e-01
   2.4490359e-01
   2.3164328e-01
   2.1782065e-01
   2.0542562e-01
   1.9726158e-01
   1.8610090e-01
   1.7617364e-01
   1.6648107e-01
   1.5800399e-01
   1.5143232e-01
   1.4440395e-01
   6.4805133e+01
   1.0834555e+01
   6.9178815e+00
   4.9007569e+00
   3.9159297e+00
   3.1841959e+00
   2.6462168e+00
   2.2388482e+00
   1.9383203e+00
   1.6989252e+00
   1.4995203e+00
   1.3282159e+00
   1.1897759e+00
   1.0686532e+00
   9.7118779e-01
   8.9645936e-01
   8.1063163e-01
   7.5855571e-01
   6.8742461e-01
   6.3833406e-01
   5.8464211e-01
   5.4919750e-01
   5.0184793e-01
   4.7645356e-01
   4.3948379e-01
   4.1417781e-01
   3.8605017e-01
   3.6006863e-01
   3.3055818e-01
   3.1194439e-01
   3.0341568e-01
   2.8167648e-01
   2.6356870e-01
   2.4912165e-01
   2.3453260e-01
   2.2248702e-01
   2.1823769e-01
   2.0917988e-01
   1.9913005e-01
   1.8912639e-01
   1.8847076e-01
   1.7877248e-01
   1.6879043e-01
   1.5927266e-01
   1.5152529e-01
   1.4102496e-01
   1.3367632e-01
   1.2779564e-01
   1.2255577e-01
   1.1776472e-01
   1.1065484e-01
   1.0320520e-01
   9.6139820e-02
   9.0308160e-02
   8.5675644e-02
   8.2300501e-02
   6.4987920e+01
   5.3565422e+00
   3.3705237e+00
   2.4472390e+00
   1.9210060e+00
   1.5902229e+00
   1.3136329e+00
   1.1128258e+00
   9.7978133e-01
   8.6731946e-01
   7.7047658e-01
   6.8682015e-01
   6.2323844e-01
   5.4972321e-01
   5.0293352e-01
   4.6845470e-01
   4.2714631e-01
   3.9525759e-01
   3.6567836e-01
   3.3054193e-01
   3.0696789e-01
   2.8828584e-01
   2.7310794e-01
   2.5629655e-01
   2.4649161e-01
   2.3228870e-01
   2.1441463e-01
   2.0705146e-01
   1.8601458e-01
   1.7849733e-01
   1.7720581e-01
   1.6756074e-01
   1.5426162e-01
   1.4257522e-01
   1.3154388e-01
   1.2381242e-01
   1.1951564e-01
   1.1310206e-01
   1.0806026e-01
   1.0539415e-01
   1.0485448e-01
   1.0147564e-01
   9.7540462e-02
   9.4119373e-02
   8.9037029e-02
   8.1755970e-02
   7.5369852e-02
   7.0930325e-02
   6.7508325e-02
   6.4813077e-02
   6.3205612e-02
   6.0489544e-02
   5.7615617e-02
   5.4405468e-02
   5.0397757e-02
   4.8329990e-02
   6.5179450e+01
   3.4978133e+00
   2.1275434e+00
   1.5300702e+00
   1.0488264e+00
   9.4698002e-01
   7.7185034e-01
   6.6090219e-01
   5.6005379e-01
   4.8063935e-01
   4.5015377e-01
   3.8430615e-01
   3.3285040e-01
   3.1362262e-01
   2.6402101e-01
   2.6267069e-01
   2.3927130e-01
   2.1811955e-01
   2.1654181e-01
   1.9789789e-01
   1.7293752e-01
   1.6488930e-01
   1.4904533e-01
   1.4456916e-01
   1.4753315e-01
   1.2692536e-01
   1.2581530e-01
   1.1159529e-01
   1.1085629e-01
   1.0625315e-01
   1.0077672e-01
   9.5467594e-02
   8.7251608e-02
   8.4535096e-02
   7.7587795e-02
   7.2043973e-02
   6.8936735e-02
   6.3977717e-02
   5.8554430e-02
   5.3527877e-02
   5.4712993e-02
   5.1265725e-02
   4.9781601e-02
   4.9299178e-02
   4.8777390e-02
   4.9582936e-02
   5.1432433e-02
   5.0546804e-02
   4.9669733e-02
   4.6556551e-02
   4.4508363e-02
   4.0880433e-02
   3.8053444e-02
   3.5396948e-02
   3.4437769e-02
   3.4926756e-02
   6.4830069e+01
   2.3877151e+00
   1.4956558e+00
   9.8506013e-01
   7.8178285e-01
   6.1531227e-01
   5.0068674e-01
   4.0732727e-01
   3.6505139e-01
   3.0334010e-01
   2.7503673e-01
   2.4354251e-01
   2.2248543e-01
   2.0107889e-01
   1.7314762e-01
   1.5363013e-01
   1.5237742e-01
   1.3351902e-01
   1.3279572e-01
   1.1975947e-01
   1.0855346e-01
   1.1229249e-01
   1.0090953e-01
   8.6631021e-02
   9.5985510e-02
   8.0274648e-02
   8.0943712e-02
   7.1393604e-02
   7.4626589e-02
   6.7600308e-02
   6.4787339e-02
   6.2511010e-02
   6.0499601e-02
   5.5496451e-02
   5.3877332e-02
   5.2031417e-02
   5.1987944e-02
   4.6637626e-02
   4.5419077e-02
   4.5195273e-02
   4.5150884e-02
   4.4115274e-02
   4.1943767e-02
   4.0333098e-02
   3.6952298e-02
   3.4301977e-02
   3.1933621e-02
   3.0853606e-02
   2.8638641e-02
   2.8299092e-02
   2.7998039e-02
   2.6721443e-02
   2.5508725e-02
   2.4949642e-02
   2.4179641e-02
   2.3179978e-02
   6.5137085e+01
   2.4754613e+00
   1.4219824e+00
   9.6225343e-01
   7.4992411e-01
   5.8830776e-01
   4.8173108e-01
   3.9677633e-01
   3.3004210e-01
   2.9156854e-01
   2.4632316e-01
   2.3159690e-01
   1.9182495e-01
   1.9087731e-01
   1.6869403e-01
   1.5238402e-01
   1.3172347e-01
   1.3436787e-01
   1.2744569e-01
   1.1402026e-01
   1.0190711e-01
   9.5014748e-02
   8.2112596e-02
   8.1466418e-02
   7.5008069e-02
   6.9698427e-02
   6.3456806e-02
   7.1335705e-02
   6.4047011e-02
   6.1228744e-02
   6.1093661e-02
   5.6670878e-02
   5.6675606e-02
   5.3610714e-02
   5.3161352e-02
   5.1934103e-02
   5.0175872e-02
   4.5408611e-02
   4.2686351e-02
   3.9779365e-02
   3.9061433e-02
   3.6384555e-02
   3.4227517e-02
   3.2672880e-02
   3.0576934e-02
   2.9022122e-02
   2.7371471e-02
   2.6176463e-02
   2.5896794e-02
   2.5482929e-02
   2.4830556e-02
   2.4198712e-02
   2.3160754e-02
   2.2372185e-02
   2.0655210e-02
   1.8867542e-02
   6.5209994e+01
   1.8411264e+00
   1.0955946e+00
   7.7005135e-01
   5.0629413e-01
   4.4271839e-01
   3.6115999e-01
   2.9860672e-01
   2.4631951e-01
   2.2480144e-01
   1.9991437e-01
   1.7440332e-01
   1.5761406e-01
   1.3987557e-01
   1.3308391e-01
   1.1466060e-01
   1.0767652e-01
   9.1828806e-02
   8.8074391e-02
   8.1969396e-02
   7.4680901e-02
   7.4841176e-02
   6.8926051e-02
   7.4181131e-02
   6.7235731e-02
   6.7228972e-02
   5.5165686e-02
   5.9306904e-02
   5.2739164e-02
   5.0450748e-02
   5.1051651e-02
   4.7991780e-02
   4.5822104e-02
   4.4409927e-02
   4.1464541e-02
   4.2236638e-02
   4.1560104e-02
   3.9574823e-02
   3.7859022e-02
   3.5590053e-02
   3.5105790e-02
   3.2070759e-02
   3.0162860e-02
   2.7362020e-02
   2.4789091e-02
   2.3070693e-02
   2.1863413e-02
   2.2006783e-02
   2.4331115e-02
   2.5925772e-02
   2.7052741e-02
   2.7198969e-02
   2.6481409e-02
   2.3790627e-02
   2.0474332e-02
   1.7468797e-02
   6.4569705e+01
   1.5228620e+00
   9.0284821e-01
   6.0214061e-01
   4.6363307e-01
   3.8571727e-01
   3.1720381e-01
   2.7113744e-01
   2.3186903e-01
   2.0527749e-01
   1.8085592e-01
   1.7242077e-01
   1.4718422e-01
   1.4018965e-01
   1.2074537e-01
   1.1317391e-01
   1.0756633e-01
   9.8372932e-02
   9.4669611e-02
   8.8489163e-02
   8.4702578e-02
   7.9723633e-02
   7.1868408e-02
   6.5644444e-02
   6.2142862e-02
   5.9794151e-02
   5.5518977e-02
   5.1961391e-02
   5.1629601e-02
   5.1075267e-02
   4.8631419e-02
   4.8916304e-02
   4.7359011e-02
   4.6959387e-02
   4.5447531e-02
   4.3319368e-02
   4.2149686e-02
   4.0015990e-02
   3.8680647e-02
   3.6901667e-02
   3.6726448e-02
   3.4927680e-02
   3.3494409e-02
   3.1470110e-02
   2.9015147e-02
   2.6931771e-02
   2.4658440e-02
   2.2309270e-02
   2.1727785e-02
   2.0750660e-02
   2.0177902e-02
   2.0517447e-02
   2.0534584e-02
   2.1052874e-02
   2.1070022e-02
   2.1065043e-02
   6.4607637e+01
   1.2245516e+00
   7.3738752e-01
   5.3742408e-01
   3.9203832e-01
   3.1448231e-01
   2.5520187e-01
   2.1299148e-01
   1.8312856e-01
   1.6299155e-01
   1.4059013e-01
   1.2603923e-01
   1.0978108e-01
   9.5443870e-02
   9.2506630e-02
   8.2716525e-02
   7.5778375e-02
   6.9571185e-02
   6.2011140e-02
   6.1037615e-02
   5.6830022e-02
   4.8894592e-02
   4.9125827e-02
   4.9546987e-02
   4.6341070e-02
   4.2764037e-02
   4.2011082e-02
   4.1904636e-02
   3.8985607e-02
   3.7933915e-02
   3.5887179e-02
   3.3862030e-02
   3.2744148e-02
   3.2085571e-02
   3.1061759e-02
   2.9860446e-02
   2.9149155e-02
   2.9312409e-02
   2.8766246e-02
   2.7747276e-02
   2.6858593e-02
   2.5025949e-02
   2.3372816e-02
   2.1955809e-02
   2.1858327e-02
   2.1870896e-02
   2.1594732e-02
   2.1321985e-02
   2.1123256e-02
   2.1205503e-02
   2.0761567e-02
   1.9784787e-02
   1.9609455e-02
   1.8823672e-02
   1.8531364e-02
   1.9259519e-02
   6.3883144e+01
   1.4628854e+00
   8.8791567e-01
   6.2020963e-01
   4.7907177e-01
   3.9465718e-01
   3.2931596e-01
   2.8561484e-01
   2.5124148e-01
   2.1717613e-01
   1.9424511e-01
   1.7624898e-01
   1.6271441e-01
   1.4729538e-01
   1.3077936e-01
   1.2165748e-01
   1.1455609e-01
   1.0489125e-01
   1.0077511e-01
   9.3159535e-02
   8.6306740e-02
   8.0559555e-02
   7.6841745e-02
   7.2778335e-02
   7.0264451e-02
   6.5109276e-02
   5.9862552e-02
   5.9767887e-02
   5.3931742e-02
   5.2097659e-02
   4.9566449e-02
   4.8230712e-02
   4.5966334e-02
   4.5169339e-02
   4.4179346e-02
   4.2062979e-02
   4.1330799e-02
   4.0863080e-02
   3.9009340e-02
   3.7584877e-02
   3.7216265e-02
   3.5220837e-02
   3.3776554e-02
   3.2156998e-02
   3.1649175e-02
   3.0880012e-02
   2.9700742e-02
   2.8599597e-02
   2.8215444e-02
   2.8166471e-02
   2.7956608e-02
   2.7604249e-02
   2.6739446e-02
   2.5416310e-02
   2.4822387e-02
   2.4064365e-02
   6.4492128e+01
   8.4119064e-01
   5.3752244e-01
   3.6363916e-01
   2.6044732e-01
   2.0906467e-01
   1.6943615e-01
   1.4262804e-01
   1.2350260e-01
   1.1051890e-01
   9.5232455e-02
   8.8598125e-02
   7.8074205e-02
   7.0601840e-02
   6.6495710e-02
   5.7947720e-02
   5.7142045e-02
   5.0946305e-02
   4.5371430e-02
   4.5746093e-02
   4.0503175e-02
   4.0861005e-02
   3.6991313e-02
   3.5563863e-02
   3.4713589e-02
   3.3174433e-02
   3.0361839e-02
   3.1541681e-02
   2.8127125e-02
   2.8116485e-02
   2.5990649e-02
   2.5721806e-02
   2.4916628e-02
   2.3516486e-02
   2.3126334e-02
   2.1265379e-02
   2.0677383e-02
   2.0526392e-02
   2.0012278e-02
   2.0048720e-02
   1.9764616e-02
   1.8642239e-02
   1.7924484e-02
   1.6775802e-02
   1.5588840e-02
   1.4905121e-02
   1.3670374e-02
   1.2964191e-02
   1.2736594e-02
   1.2827038e-02
   1.2999510e-02
   1.3023668e-02
   1.2770461e-02
   1.1891918e-02
   1.1055380e-02
   1.0433338e-02
   6.5122757e+01
   1.0611767e+00
   7.4087058e-01
   4.8507238e-01
   3.9788352e-01
   3.2678974e-01
   2.7289262e-01
   2.3396743e-01
   2.0103135e-01
   1.7391957e-01
   1.6072065e-01
   1.4607524e-01
   1.3224627e-01
   1.1819743e-01
   1.0374601e-01
   9.8545768e-02
   8.9480413e-02
   8.6589625e-02
   8.2047188e-02
   7.7465688e-02
   6.9711968e-02
   6.6004788e-02
   6.3236070e-02
   5.7814648e-02
   5.4202569e-02
   5.3656590e-02
   4.9703453e-02
   4.7546242e-02
   4.3153190e-02
   4.3982547e-02
   4.0395209e-02
   3.8774150e-02
   3.7924538e-02
   3.7227477e-02
   3.4974525e-02
   3.1930557e-02
   3.1378734e-02
   3.0395849e-02
   2.9529064e-02
   2.8412546e-02
   2.8814551e-02
   2.8507257e-02
   2.7604354e-02
   2.7246804e-02
   2.7001554e-02
   2.6412131e-02
   2.5921287e-02
   2.5022057e-02
   2.4297463e-02
   2.3375001e-02
   2.2951928e-02
   2.2393506e-02
   2.1204687e-02
   2.0501154e-02
   2.0317435e-02
   2.0225688e-02
   6.5319837e+01
   1.5274445e+00
   9.8092939e-01
   7.2474675e-01
   5.7408123e-01
   4.7896865e-01
   4.0799236e-01
   3.4967017e-01
   3.0751469e-01
   2.7764250e-01
   2.5097032e-01
   2.2748853e-01
   2.1083814e-01
   1.9408865e-01
   1.7869856e-01
   1.6415545e-01
   1.5459431e-01
   1.4332938e-01
   1.3464637e-01
   1.2454053e-01
   1.1394398e-01
   1.0562504e-01
   1.0091615e-01
   9.6924379e-02
   8.9109231e-02
   8.3643934e-02
   7.6537492e-02
   7.0413025e-02
   6.8202791e-02
   6.2456679e-02
   6.2927958e-02
   5.8995630e-02
   5.5771899e-02
   5.2837317e-02
   4.9785252e-02
   4.7629637e-02
   4.6382859e-02
   4.2282307e-02
   4.0666500e-02
   3.6966834e-02
   3.7304781e-02
   3.5461258e-02
   3.3573579e-02
   3.2732068e-02
   3.2099253e-02
   3.0922190e-02
   3.0962664e-02
   3.0213046e-02
   2.9322668e-02
   2.8305967e-02
   2.6542104e-02
   2.4438977e-02
   2.3737427e-02
   2.2197624e-02
   2.0752063e-02
   1.9864619e-02
