   6.9977343e+01
   1.8699243e+01
   8.0887669e+00
   4.8746891e+00
   3.4273713e+00
   2.5716762e+00
   2.0075468e+00
   1.6710294e+00
   1.3232269e+00
   1.1369841e+00
   9.5481560e-01
   8.0496657e-01
   6.8862589e-01
   5.9779184e-01
   5.2465814e-01
   4.4077846e-01
   3.8651928e-01
   3.5704121e-01
   3.0920088e-01
   2.8081754e-01
   2.4757575e-01
   2.1721889e-01
   1.9313031e-01
   1.7396226e-01
   1.5218285e-01
   1.3722876e-01
   1.2494497e-01
   1.1487059e-01
   7.0041054e+01
   1.9902328e+01
   9.0683697e+00
   5.5648196e+00
   3.9661245e+00
   2.9663510e+00
   2.2262323e+00
   1.8996760e+00
   1.5353508e+00
   1.2746468e+00
   1.0745187e+00
   9.1681759e-01
   7.8867897e-01
   6.8712403e-01
   6.0473717e-01
   5.2547748e-01
   4.4637592e-01
   4.2825860e-01
   3.7137294e-01
   3.3387071e-01
   2.9082829e-01
   2.6270841e-01
   2.3777813e-01
   2.0903925e-01
   1.8805682e-01
   1.6686650e-01
   1.4773033e-01
   1.3957717e-01
   7.0331924e+01
   1.5008650e+01
   7.1627303e+00
   4.5731446e+00
   3.1901855e+00
   2.4049311e+00
   1.9432307e+00
   1.4718867e+00
   1.1842769e+00
   1.0631190e+00
   8.9820061e-01
   7.6783087e-01
   6.5619599e-01
   5.7506497e-01
   5.0078234e-01
   4.2555182e-01
   3.8310901e-01
   3.2926689e-01
   2.8538667e-01
   2.7576853e-01
   2.3849585e-01
   2.0552827e-01
   1.8492023e-01
   1.6484782e-01
   1.5063521e-01
   1.3034110e-01
   1.1949360e-01
   1.0961406e-01
   6.9473721e+01
   1.3277185e+01
   6.4077976e+00
   4.1570472e+00
   2.9188867e+00
   2.1940639e+00
   1.8226710e+00
   1.3737149e+00
   1.1578823e+00
   1.0130840e+00
   8.5793725e-01
   7.2762270e-01
   6.3751798e-01
   5.5991463e-01
   4.8777721e-01
   4.2787335e-01
   3.8612125e-01
   3.3025577e-01
   2.9679324e-01
   2.7379319e-01
   2.4039216e-01
   2.1608228e-01
   1.9632937e-01
   1.7671622e-01
   1.5420188e-01
   1.4071315e-01
   1.2368176e-01
   1.0949363e-01
   6.9330752e+01
   1.0960414e+01
   5.3032766e+00
   3.5204197e+00
   2.4051483e+00
   1.8125942e+00
   1.5747405e+00
   1.1167141e+00
   9.6510280e-01
   8.6540494e-01
   7.3962988e-01
   6.3999004e-01
   5.4929923e-01
   4.7947359e-01
   4.2581610e-01
   3.7386950e-01
   3.4055154e-01
   2.6259023e-01
   2.4472327e-01
   2.2327141e-01
   2.1453369e-01
   1.8452319e-01
   1.6431550e-01
   1.5584789e-01
   1.3076098e-01
   1.1868912e-01
   1.1567511e-01
   9.9162016e-02
   7.0440901e+01
   1.2286697e+01
   5.9220056e+00
   3.7906007e+00
   2.6958509e+00
   2.0614448e+00
   1.6178843e+00
   1.3042796e+00
   1.0854687e+00
   9.3647245e-01
   7.9559578e-01
   6.7550600e-01
   5.7855006e-01
   5.1273597e-01
   4.4684231e-01
   3.8691709e-01
   3.5114939e-01
   2.9929402e-01
   2.6952418e-01
   2.5153181e-01
   2.2259367e-01
   1.9689176e-01
   1.7878057e-01
   1.6095831e-01
   1.4355615e-01
   1.3326508e-01
   1.1646216e-01
   1.0397892e-01
   6.9456150e+01
   1.2023752e+01
   5.6653491e+00
   3.5759881e+00
   2.4950601e+00
   1.8726851e+00
   1.4836779e+00
   1.1488874e+00
   9.2496139e-01
   8.1561873e-01
   6.9430516e-01
   5.9587542e-01
   5.1062301e-01
   4.4290613e-01
   3.8748004e-01
   3.3229604e-01
   2.9899936e-01
   2.6839028e-01
   2.2907745e-01
   2.1003971e-01
   1.8835485e-01
   1.6391084e-01
   1.4644918e-01
   1.2871435e-01
   1.1719450e-01
   1.0817295e-01
   9.6464495e-02
   9.4254958e-02
   6.8363785e+01
   1.7490803e+01
   8.0378198e+00
   5.0310633e+00
   3.5276222e+00
   2.6194364e+00
   2.0291106e+00
   1.6030062e+00
   1.3136993e+00
   1.1065292e+00
   9.2701726e-01
   7.8498232e-01
   6.7802276e-01
   5.9073480e-01
   5.0910024e-01
   4.4463498e-01
   3.8386329e-01
   3.5471377e-01
   3.1250603e-01
   2.7654621e-01
   2.4647205e-01
   2.2061665e-01
   2.0116525e-01
   1.7710306e-01
   1.6213528e-01
   1.4622594e-01
   1.2681521e-01
   1.1882783e-01
   6.8739241e+01
   1.8010721e+01
   8.3885261e+00
   5.1719088e+00
   3.6186699e+00
   2.6983628e+00
   2.0705369e+00
   1.6856124e+00
   1.4089152e+00
   1.1619247e+00
   9.8159629e-01
   8.3382860e-01
   7.2761217e-01
   6.3320460e-01
   5.4416960e-01
   4.7449785e-01
   4.3143757e-01
   3.7166077e-01
   3.3984614e-01
   2.9485309e-01
   2.6614424e-01
   2.3763564e-01
   2.1344593e-01
   1.9042806e-01
   1.7256713e-01
   1.5758706e-01
   1.4260038e-01
   1.2937611e-01
   6.8924720e+01
   1.7672637e+01
   7.8151867e+00
   4.7515909e+00
   3.3022487e+00
   2.4493252e+00
   1.8972683e+00
   1.5143092e+00
   1.2470056e+00
   1.0482554e+00
   8.8397627e-01
   7.5794014e-01
   6.5211124e-01
   5.6490887e-01
   4.9744508e-01
   4.3700517e-01
   3.8971200e-01
   3.4595287e-01
   3.0575206e-01
   2.7760060e-01
   2.4904675e-01
   2.2462257e-01
   2.0109358e-01
   1.8027892e-01
   1.6365248e-01
   1.4561973e-01
   1.3006743e-01
   1.1977384e-01
   6.8158610e+01
   2.1566113e+01
   9.7849261e+00
   5.7890701e+00
   3.9334494e+00
   2.8437765e+00
   2.1540302e+00
   1.7129230e+00
   1.3678306e+00
   1.1278798e+00
   9.3633770e-01
   7.9176531e-01
   6.7019845e-01
   5.7373541e-01
   4.9036753e-01
   4.3438610e-01
   3.7380559e-01
   3.3512357e-01
   3.0755304e-01
   2.6357206e-01
   2.3637119e-01
   2.1266312e-01
   1.9205921e-01
   1.7270092e-01
   1.5799450e-01
   1.3694034e-01
   1.3140193e-01
   1.1289613e-01
   6.9454449e+01
   6.7323406e+00
   3.0054122e+00
   1.8611127e+00
   1.2956772e+00
   9.6095404e-01
   7.5625452e-01
   6.1567192e-01
   5.0099922e-01
   4.2583287e-01
   3.5767806e-01
   3.1160098e-01
   2.6483441e-01
   2.3381927e-01
   2.0684499e-01
   1.7791878e-01
   1.5778425e-01
   1.4501162e-01
   1.2526990e-01
   1.1184106e-01
   1.0476559e-01
   9.5328040e-02
   8.0740083e-02
   7.8396911e-02
   6.9744145e-02
   5.8441861e-02
   5.8161158e-02
   4.4559515e-02
   7.0186966e+01
   2.9627226e+00
   1.3893890e+00
   8.8913863e-01
   6.0489791e-01
   4.7107195e-01
   3.7431947e-01
   2.7768237e-01
   2.2677895e-01
   1.9489579e-01
   1.7209170e-01
   1.4224393e-01
   1.2200003e-01
   1.0282284e-01
   8.9373742e-02
   8.0775887e-02
   7.0011427e-02
   6.3583247e-02
   5.0692667e-02
   4.9212577e-02
   4.2205272e-02
   3.9322404e-02
   3.6318357e-02
   2.9835409e-02
   2.8348254e-02
   2.4962902e-02
   2.0797217e-02
   2.1555071e-02
   6.9301310e+01
   4.1457614e+00
   1.8899320e+00
   1.1416658e+00
   8.0021075e-01
   5.9759861e-01
   4.7177463e-01
   3.8081969e-01
   3.1764243e-01
   2.6560231e-01
   2.3323688e-01
   1.9054581e-01
   1.6444095e-01
   1.4620985e-01
   1.2305637e-01
   1.1554787e-01
   9.6727772e-02
   8.0512645e-02
   7.7341958e-02
   6.7600648e-02
   5.7812757e-02
   5.3440593e-02
   4.5236907e-02
   4.1518840e-02
   3.9491978e-02
   3.1337707e-02
   3.1880388e-02
   2.9645968e-02
   6.9197142e+01
   4.6507739e+00
   1.9976081e+00
   1.2138925e+00
   8.3505370e-01
   6.0917458e-01
   4.7589218e-01
   3.7420154e-01
   3.0656834e-01
   2.6551172e-01
   2.2732795e-01
   1.8755455e-01
   1.6011452e-01
   1.4488182e-01
   1.2385363e-01
   1.0816866e-01
   9.3783596e-02
   8.1298823e-02
   7.3416226e-02
   6.0912153e-02
   5.4193681e-02
   4.6715370e-02
   4.1908845e-02
   3.8910415e-02
   3.1441755e-02
   2.4928841e-02
   2.1671013e-02
   1.6959221e-02
   6.9240268e+01
   3.0965889e+00
   1.4105532e+00
   8.5496868e-01
   5.9602696e-01
   4.5209986e-01
   3.6529580e-01
   2.8909360e-01
   2.2456714e-01
   2.0199476e-01
   1.7666525e-01
   1.5012093e-01
   1.3324479e-01
   1.0728190e-01
   9.5434986e-02
   8.8860483e-02
   7.3525456e-02
   7.0561153e-02
   6.4299903e-02
   4.7031040e-02
   4.7787431e-02
   3.8857391e-02
   3.5182128e-02
   3.3683698e-02
   2.7523693e-02
   2.4374815e-02
   2.3594611e-02
   2.2548423e-02
   6.9376720e+01
   9.1189953e+00
   3.5332431e+00
   2.0090240e+00
   1.3192780e+00
   9.4547433e-01
   7.2731627e-01
   5.6832003e-01
   4.5881669e-01
   3.8507699e-01
   3.2033539e-01
   2.7299057e-01
   2.3489685e-01
   2.0799413e-01
   1.7929084e-01
   1.5509751e-01
   1.3907374e-01
   1.2285568e-01
   1.1166800e-01
   9.1107179e-02
   8.7424256e-02
   7.5801711e-02
   6.8885443e-02
   5.7385236e-02
   5.1127128e-02
   4.4944764e-02
   3.7804206e-02
   3.4747784e-02
   6.7994301e+01
   1.6796271e+01
   6.6627540e+00
   3.8127355e+00
   2.4996131e+00
   1.7797339e+00
   1.3453772e+00
   1.0413671e+00
   8.4439481e-01
   6.9741726e-01
   5.7864738e-01
   4.8856718e-01
   4.1497100e-01
   3.6869262e-01
   3.1825327e-01
   2.7820808e-01
   2.4557763e-01
   2.1849730e-01
   1.8992277e-01
   1.6775478e-01
   1.5555788e-01
   1.3549109e-01
   1.1891640e-01
   1.0460930e-01
   9.2422652e-02
   7.7672987e-02
   7.0475387e-02
   6.1676659e-02
   6.9243465e+01
   8.2827086e+00
   3.4498781e+00
   2.0270084e+00
   1.3855288e+00
   1.0210208e+00
   7.8464394e-01
   6.4345120e-01
   5.2453022e-01
   4.4127840e-01
   3.7771946e-01
   3.2260460e-01
   2.8518848e-01
   2.4183679e-01
   2.1142454e-01
   1.8973003e-01
   1.6380535e-01
   1.4716223e-01
   1.2664614e-01
   1.1048211e-01
   1.0096210e-01
   8.9046019e-02
   7.5951378e-02
   6.9910403e-02
   6.2427038e-02
   5.3279928e-02
   4.7647864e-02
   4.0894803e-02
   6.8116301e+01
   1.7684109e+01
   7.2680996e+00
   4.2584282e+00
   2.8340683e+00
   2.0522078e+00
   1.5841844e+00
   1.2548386e+00
   1.0255111e+00
   8.6328712e-01
   7.3505706e-01
   6.2603285e-01
   5.4626288e-01
   4.7496939e-01
   4.1285846e-01
   3.5918102e-01
   3.1312701e-01
   2.7410925e-01
   2.3494911e-01
   2.0340829e-01
   1.7940155e-01
   1.5250026e-01
   1.3431079e-01
   1.1381368e-01
   9.6971983e-02
   8.3228431e-02
   7.3995308e-02
   6.1649483e-02
   6.8449868e+01
   1.2697980e+01
   5.3682399e+00
   3.1290996e+00
   2.0952005e+00
   1.5329142e+00
   1.1821943e+00
   9.4149562e-01
   7.7379548e-01
   6.4870409e-01
   5.5720620e-01
   4.6721908e-01
   4.0208687e-01
   3.5533252e-01
   3.0279495e-01
   2.6779879e-01
   2.2942606e-01
   2.0089825e-01
   1.6976325e-01
   1.4644366e-01
   1.2989400e-01
   1.1114562e-01
   9.2488098e-02
   8.1312066e-02
   7.4372874e-02
   5.7794166e-02
   5.1648466e-02
   4.4459508e-02
   6.9768129e+01
   7.0066485e+00
   3.2841459e+00
   2.0563686e+00
   1.4380521e+00
   1.0971951e+00
   8.7586353e-01
   7.0327453e-01
   5.8366361e-01
   5.0012948e-01
   4.1895889e-01
   3.6340160e-01
   3.1877571e-01
   2.6909165e-01
   2.3326855e-01
   2.1100845e-01
   1.8771444e-01
   1.5694652e-01
   1.4040910e-01
   1.2731409e-01
   1.1465322e-01
   9.7266937e-02
   8.8224580e-02
   7.3650877e-02
   6.7649663e-02
   6.3554693e-02
   5.3215307e-02
   4.7207963e-02
   7.0542834e+01
   2.9690733e+00
   1.4293091e+00
   9.7073353e-01
   7.2546973e-01
   5.5726315e-01
   4.5525475e-01
   3.8361797e-01
   3.2056245e-01
   2.8137803e-01
   2.4083540e-01
   2.1418274e-01
   1.8799264e-01
   1.5879199e-01
   1.4180436e-01
   1.3103920e-01
   1.1859930e-01
   9.5757934e-02
   8.9857761e-02
   7.6223487e-02
   7.4050787e-02
   6.4296786e-02
   6.0412381e-02
   5.2505802e-02
   4.8454101e-02
   4.3378006e-02
   4.1497117e-02
   3.6672331e-02
   6.9865370e+01
   6.6922387e+00
   2.8442172e+00
   1.6547521e+00
   1.1403907e+00
   8.3541028e-01
   6.4382102e-01
   5.4851466e-01
   4.3432996e-01
   3.6369385e-01
   3.0854248e-01
   2.6299050e-01
   2.3455885e-01
   2.0247560e-01
   1.7617705e-01
   1.5766567e-01
   1.4052802e-01
   1.2303536e-01
   1.1422899e-01
   9.4496379e-02
   8.3262337e-02
   7.8284927e-02
   6.4681109e-02
   6.0016559e-02
   5.3704966e-02
   4.8679756e-02
   4.1259377e-02
   3.5847139e-02
   6.8313575e+01
   1.8373998e+01
   7.4611882e+00
   4.2714028e+00
   2.8244836e+00
   2.0131980e+00
   1.5168177e+00
   1.2071130e+00
   9.8672125e-01
   8.0999845e-01
   6.7958617e-01
   5.8156667e-01
   5.0734025e-01
   4.3505940e-01
   3.8338390e-01
   3.3683606e-01
   2.9759550e-01
   2.6375566e-01
   2.3014256e-01
   2.0097886e-01
   1.7866900e-01
   1.5419345e-01
   1.3373188e-01
   1.1866689e-01
   1.0154399e-01
   8.8294766e-02
   7.6842517e-02
   6.7339337e-02
   6.8705871e+01
   1.9597599e+01
   8.9006714e+00
   5.5890996e+00
   4.0219823e+00
   3.0655222e+00
   2.4213694e+00
   2.0362195e+00
   1.7130750e+00
   1.4635875e+00
   1.2716609e+00
   1.1139308e+00
   9.8801068e-01
   8.7318509e-01
   7.7887525e-01
   7.1101996e-01
   6.4059653e-01
   5.7372033e-01
   5.2185370e-01
   4.6579899e-01
   4.2307343e-01
   3.8595694e-01
   3.4798793e-01
   3.1415561e-01
   2.8527381e-01
   2.5638483e-01
   2.3074290e-01
   2.0553693e-01
   6.9522770e+01
   1.3247716e+01
   5.3964335e+00
   3.1904107e+00
   2.1527339e+00
   1.5825558e+00
   1.2234614e+00
   9.6718084e-01
   7.7713582e-01
   6.6863353e-01
   5.6783991e-01
   4.8417162e-01
   4.2250778e-01
   3.6929422e-01
   3.2050429e-01
   2.8920240e-01
   2.5516921e-01
   2.2819470e-01
   1.9439449e-01
   1.7493834e-01
   1.5997415e-01
   1.3838803e-01
   1.2254180e-01
   1.0329541e-01
   9.2760253e-02
   8.1106580e-02
   7.1570295e-02
   6.4600168e-02
   6.8088235e+01
   2.5269330e+01
   9.9844762e+00
   5.7354174e+00
   3.7352064e+00
   2.6504533e+00
   2.0223223e+00
   1.5305255e+00
   1.2220903e+00
   1.0357761e+00
   8.6915765e-01
   7.3808774e-01
   6.3611483e-01
   5.5133855e-01
   4.8362593e-01
   4.2233353e-01
   3.7680328e-01
   3.2180143e-01
   2.8466368e-01
   2.6025156e-01
   2.2667669e-01
   1.9601675e-01
   1.7039919e-01
   1.4917427e-01
   1.3066278e-01
   1.1366393e-01
   9.4807654e-02
   8.0916601e-02
   6.3927862e+01
   2.2688146e+01
   9.0292416e+00
   5.1795512e+00
   3.3941386e+00
   2.4201519e+00
   1.8184673e+00
   1.4315044e+00
   1.1402936e+00
   9.5087693e-01
   7.9739947e-01
   6.7634395e-01
   5.8747978e-01
   5.0715891e-01
   4.4387923e-01
   3.8668111e-01
   3.4076037e-01
   2.9663604e-01
   2.6431181e-01
   2.2626145e-01
   2.0142269e-01
   1.7407646e-01
   1.4993595e-01
   1.2927149e-01
   1.1434692e-01
   9.7839473e-02
   8.0604063e-02
   7.1322203e-02
   6.7952313e+01
   1.6558028e+01
   6.9442888e+00
   3.9831430e+00
   2.6852058e+00
   1.9411506e+00
   1.4891608e+00
   1.1731632e+00
   9.5783778e-01
   8.0883100e-01
   6.8151774e-01
   5.7982090e-01
   5.1112594e-01
   4.3961256e-01
   3.8242712e-01
   3.3946399e-01
   2.9267958e-01
   2.5582041e-01
   2.2872384e-01
   1.9137132e-01
   1.6750002e-01
   1.4681972e-01
   1.2514209e-01
   1.0725977e-01
   9.3168762e-02
   8.1939854e-02
   7.0949474e-02
   6.1768730e-02
   7.0031695e+01
   1.0919878e+01
   4.6547738e+00
   2.7799339e+00
   1.9168789e+00
   1.4285489e+00
   1.1259121e+00
   8.9278187e-01
   7.4671287e-01
   6.2752341e-01
   5.3472852e-01
   4.6132296e-01
   3.8762928e-01
   3.4038509e-01
   3.0616098e-01
   2.6107127e-01
   2.3884135e-01
   2.0722919e-01
   1.8303280e-01
   1.7018497e-01
   1.4907499e-01
   1.3352164e-01
   1.1957355e-01
   1.0903024e-01
   1.0277364e-01
   8.9874841e-02
   7.9044638e-02
   7.6078356e-02
   6.9921284e+01
   1.8273517e+01
   9.0863864e+00
   6.0133470e+00
   4.4072500e+00
   3.4230569e+00
   2.7762552e+00
   2.2752970e+00
   1.9256450e+00
   1.6690456e+00
   1.4427348e+00
   1.2622065e+00
   1.1128062e+00
   9.7335006e-01
   8.7271976e-01
   7.8331504e-01
   6.9516707e-01
   6.2369689e-01
   5.7129314e-01
   5.0716657e-01
   4.6294249e-01
   4.1938478e-01
   3.8176165e-01
   3.4368787e-01
   3.1118566e-01
   2.8753261e-01
   2.6095629e-01
   2.3589227e-01
   6.9528591e+01
   1.8319239e+01
   8.6402270e+00
   5.5613726e+00
   4.0208629e+00
   3.1032118e+00
   2.5084304e+00
   2.0708814e+00
   1.7599133e+00
   1.5143616e+00
   1.3125960e+00
   1.1472244e+00
   1.0022354e+00
   8.8800802e-01
   7.9924914e-01
   7.0768061e-01
   6.3719118e-01
   5.6847767e-01
   5.1067650e-01
   4.7026206e-01
   4.2334067e-01
   3.8296645e-01
   3.4765657e-01
   3.1884344e-01
   2.9189080e-01
   2.6374549e-01
   2.3840830e-01
   2.2152748e-01
   6.9792408e+01
   9.0201880e+00
   4.0179372e+00
   2.5206824e+00
   1.7866614e+00
   1.3556801e+00
   1.0696327e+00
   8.8078377e-01
   7.3063751e-01
   6.2957385e-01
   5.3591536e-01
   4.5997088e-01
   4.0407485e-01
   3.5762568e-01
   3.1480648e-01
   2.7634156e-01
   2.4632349e-01
   2.2094807e-01
   1.9616989e-01
   1.7933330e-01
   1.6464783e-01
   1.5244429e-01
   1.3605527e-01
   1.2763713e-01
   1.1556833e-01
   1.0410896e-01
   9.9429615e-02
   8.6410359e-02
   7.0251471e+01
   5.5540235e+00
   2.4060732e+00
   1.4436097e+00
   9.8179939e-01
   7.1333661e-01
   5.5643325e-01
   4.3131743e-01
   3.5245401e-01
   2.9831106e-01
   2.5717488e-01
   2.1688250e-01
   1.8365653e-01
   1.6215387e-01
   1.4113496e-01
   1.2470931e-01
   1.1818767e-01
   1.0126677e-01
   9.3337316e-02
   8.4068069e-02
   7.1895101e-02
   6.6381074e-02
   5.8846798e-02
   5.4441598e-02
   5.1129974e-02
   4.8102994e-02
   4.3289408e-02
   4.0129834e-02
   7.0298860e+01
   5.0351574e+00
   2.3428066e+00
   1.3985922e+00
   9.8717262e-01
   7.2159018e-01
   5.3711750e-01
   4.3854596e-01
   3.5754624e-01
   2.8904321e-01
   2.3805137e-01
   2.1033226e-01
   1.6878569e-01
   1.4193481e-01
   1.2794392e-01
   1.0520123e-01
   9.7845561e-02
   9.1709307e-02
   7.1737687e-02
   7.6924794e-02
   5.5394007e-02
   5.7598877e-02
   4.5460547e-02
   4.7080516e-02
   3.5574811e-02
   3.4851599e-02
   2.9211934e-02
   2.4858117e-02
   6.9752844e+01
   7.5859168e+00
   3.3577071e+00
   2.1291617e+00
   1.4584648e+00
   1.0988456e+00
   8.6710729e-01
   6.7609775e-01
   5.5692653e-01
   4.7124554e-01
   4.0171264e-01
   3.4184337e-01
   2.9608521e-01
   2.5862033e-01
   2.2395547e-01
   1.9546120e-01
   1.8338844e-01
   1.6265266e-01
   1.4558737e-01
   1.3805566e-01
   1.1972665e-01
   1.0873234e-01
   9.9843524e-02
   9.3571641e-02
   8.6064366e-02
   7.8538231e-02
   7.2717521e-02
   6.5716767e-02
   7.1188748e+01
   3.7257647e+00
   1.6257273e+00
   9.7675260e-01
   6.8969222e-01
   5.1005336e-01
   3.8642066e-01
   3.3603000e-01
   2.7699086e-01
   2.2686419e-01
   1.9171391e-01
   1.6042731e-01
   1.4591166e-01
   1.2824808e-01
   1.0850014e-01
   9.8779374e-02
   8.8206011e-02
   7.6363064e-02
   6.7350328e-02
   5.9036198e-02
   5.6404083e-02
   5.3970881e-02
   4.9689709e-02
   4.6185348e-02
   4.1221153e-02
   3.4990936e-02
   3.4035226e-02
   2.7987678e-02
   7.0918307e+01
   2.7286706e+00
   1.2612025e+00
   8.3186274e-01
   6.0763776e-01
   4.6492568e-01
   3.5707018e-01
   3.1017688e-01
   2.4370360e-01
   2.0634249e-01
   1.7390989e-01
   1.5663697e-01
   1.3541347e-01
   1.1581351e-01
   1.0325869e-01
   9.4797148e-02
   8.4327592e-02
   6.9084062e-02
   6.6758575e-02
   5.7184202e-02
   5.4702598e-02
   4.5285470e-02
   4.2131438e-02
   4.0038960e-02
   3.2787393e-02
   3.1371905e-02
   2.7308585e-02
   2.5202333e-02
   7.1046939e+01
   1.6002004e+00
   7.5251327e-01
   5.0395597e-01
   3.7630091e-01
   2.7881756e-01
   2.2541588e-01
   1.8767985e-01
   1.6294447e-01
   1.3806943e-01
   1.0282293e-01
   8.3414525e-02
   7.7985585e-02
   7.2069221e-02
   5.5309935e-02
   5.6170810e-02
   4.2791254e-02
   4.7357218e-02
   4.2793634e-02
   3.4555106e-02
   3.1304396e-02
   2.9049762e-02
   2.6399634e-02
   2.2860498e-02
   1.9886838e-02
   1.6668221e-02
   1.8047595e-02
   1.3749519e-02
   7.1456352e+01
   1.1096116e+00
   5.7738500e-01
   3.8206886e-01
   2.7511694e-01
   1.9956544e-01
   1.6587007e-01
   1.4860122e-01
   1.2091766e-01
   9.7739535e-02
   7.9880625e-02
   7.8912358e-02
   5.8695295e-02
   5.1139198e-02
   4.3223002e-02
   4.4966520e-02
   4.1319683e-02
   4.0205791e-02
   3.9187745e-02
   3.4600903e-02
   3.2899000e-02
   2.8422982e-02
   2.5557325e-02
   2.7562295e-02
   2.2218402e-02
   2.1794237e-02
   2.1842724e-02
   1.8534853e-02
   7.1602515e+01
   1.9401607e+00
   8.8358093e-01
   6.4088705e-01
   4.8380086e-01
   3.7352461e-01
   2.8668177e-01
   2.6386671e-01
   2.1128902e-01
   1.8819240e-01
   1.4753981e-01
   1.3580889e-01
   1.0887120e-01
   1.0610817e-01
   9.5156550e-02
   8.4951364e-02
   7.4367898e-02
   7.3047072e-02
   5.8877821e-02
   6.3759979e-02
   5.5830006e-02
   4.9264145e-02
   4.5832453e-02
   4.5340505e-02
   4.3355964e-02
   4.0506239e-02
   3.4986802e-02
   3.3783809e-02
   7.1573153e+01
   1.6939667e+00
   7.9714717e-01
   5.7505615e-01
   4.2667149e-01
   3.1429151e-01
   2.6912154e-01
   2.0834065e-01
   2.0181197e-01
   1.5589301e-01
   1.4417854e-01
   1.1152760e-01
   9.9765124e-02
   8.4489174e-02
   8.5915317e-02
   7.5652698e-02
   6.4276943e-02
   6.1507747e-02
   5.8730073e-02
   5.2320209e-02
   4.9083441e-02
   4.0706979e-02
   3.8039437e-02
   3.8926244e-02
   3.5705099e-02
   3.3736445e-02
   3.1637108e-02
   2.8104116e-02
   7.1601281e+01
   1.8927808e+00
   1.0474442e+00
   7.6841375e-01
   5.7261081e-01
   4.3830702e-01
   3.5735004e-01
   2.7781312e-01
   2.3331645e-01
   1.8200014e-01
   1.6399583e-01
   1.2899513e-01
   1.0247838e-01
   7.8835419e-02
   6.8228555e-02
   6.0829672e-02
   5.3319334e-02
   4.6343638e-02
   3.9434426e-02
   3.1713402e-02
   2.8677324e-02
   2.3661392e-02
   2.0054516e-02
   1.8009211e-02
   1.4362670e-02
   1.4022713e-02
   1.5211393e-02
   1.0873618e-02
   7.2045575e+01
   1.0769476e+00
   5.2677694e-01
   3.6129450e-01
   2.7581082e-01
   2.2247633e-01
   1.5766928e-01
   1.5680241e-01
   1.1253971e-01
   1.1207073e-01
   8.4933501e-02
   7.9507541e-02
   6.4942554e-02
   7.2746858e-02
   5.8289714e-02
   4.6727141e-02
   4.6546478e-02
   3.8029676e-02
   3.6013078e-02
   3.1526356e-02
   3.4636995e-02
   3.3483789e-02
   3.2814197e-02
   2.8912231e-02
   2.8466637e-02
   2.5449123e-02
   2.2016824e-02
   1.9581746e-02
