   1.4999000e+01
   1.1000000e+01
   2.0000000e+00
   2.0000000e+00
   2.0000000e+00
   2.0000000e+00
   6.0010000e+00
   1.4999000e+01
   1.1000000e+01
   2.0000000e+00
   2.0000000e+00
   2.0000000e+00
   2.0000000e+00
   6.0010000e+00
   1.4999000e+01
   1.1000000e+01
   2.0000000e+00
   2.0000000e+00
   2.0000000e+00
   2.0000000e+00
   6.0010000e+00
   1.4999000e+01
   1.1000000e+01
   2.0000000e+00
   2.0000000e+00
   2.0000000e+00
   2.0000000e+00
   6.0010000e+00
   1.4999000e+01
   1.1000000e+01
   2.0000000e+00
   2.0000000e+00
   2.0000000e+00
   2.0000000e+00
   6.0010000e+00
   1.4999000e+01
   1.1000000e+01
   2.0000000e+00
   2.0000000e+00
   2.0000000e+00
   2.0000000e+00
   6.0010000e+00
   1.4999000e+01
   1.1000000e+01
   2.0000000e+00
   2.0000000e+00
   2.0000000e+00
   2.0000000e+00
   6.0010000e+00
   1.4999000e+01
   1.1000000e+01
   2.0000000e+00
   2.0000000e+00
   2.0000000e+00
   2.0000000e+00
   6.0010000e+00
   1.4999000e+01
   1.1000000e+01
   2.0000000e+00
   2.0000000e+00
   2.0000000e+00
   2.0000000e+00
   6.0010000e+00
   1.4999000e+01
   1.1000000e+01
   2.0000000e+00
   2.0000000e+00
   2.0000000e+00
   2.0000000e+00
   6.0010000e+00
   1.4999000e+01
   1.1000000e+01
   2.0000000e+00
   2.0000000e+00
   2.0000000e+00
   2.0000000e+00
   6.0010000e+00
   1.4999000e+01
   1.1000000e+01
   2.0000000e+00
   2.0000000e+00
   2.0000000e+00
   2.0000000e+00
   6.0010000e+00
   1.4999000e+01
   1.1000000e+01
   2.0000000e+00
   2.0000000e+00
   2.0000000e+00
   2.0000000e+00
   6.0010000e+00
   1.4999000e+01
   1.1000000e+01
   2.0000000e+00
   2.0000000e+00
   2.0000000e+00
   2.0000000e+00
   6.0010000e+00
   1.4999000e+01
   1.1000000e+01
   2.0000000e+00
   2.0000000e+00
   2.0000000e+00
   2.0000000e+00
   6.0010000e+00
   1.4999000e+01
   1.1000000e+01
   2.0000000e+00
   2.0000000e+00
   2.0000000e+00
   2.0000000e+00
   6.0010000e+00
   1.4999000e+01
   1.1000000e+01
   2.0000000e+00
   2.0000000e+00
   2.0000000e+00
   2.0000000e+00
   6.0010000e+00
   1.4999000e+01
   1.1000000e+01
   2.0000000e+00
   2.0000000e+00
   2.0000000e+00
   2.0000000e+00
   6.0010000e+00
   1.4999000e+01
   1.1000000e+01
   2.0000000e+00
   2.0000000e+00
   2.0000000e+00
   2.0000000e+00
   6.0010000e+00
   1.4999000e+01
   1.1000000e+01
   2.0000000e+00
   2.0000000e+00
   2.0000000e+00
   2.0000000e+00
   6.0010000e+00
   1.4999000e+01
   1.1000000e+01
   2.0000000e+00
   2.0000000e+00
   2.0000000e+00
   2.0000000e+00
   6.0010000e+00
   1.4999000e+01
   1.1000000e+01
   2.0000000e+00
   2.0000000e+00
   2.0000000e+00
   2.0000000e+00
   6.0010000e+00
   1.4999000e+01
   1.1000000e+01
   2.0000000e+00
   2.0000000e+00
   2.0000000e+00
   2.0000000e+00
   6.0010000e+00
   1.4999000e+01
   1.1000000e+01
   2.0000000e+00
   2.0000000e+00
   2.0000000e+00
   2.0000000e+00
   6.0010000e+00
   1.4999000e+01
   1.1000000e+01
   2.0000000e+00
   2.0000000e+00
   2.0000000e+00
   2.0000000e+00
   6.0010000e+00
   1.4999000e+01
   1.1000000e+01
   2.0000000e+00
   2.0000000e+00
   2.0000000e+00
   2.0000000e+00
   6.0010000e+00
   1.4999000e+01
   1.1000000e+01
   2.0000000e+00
   2.0000000e+00
   2.0000000e+00
   2.0000000e+00
   6.0010000e+00
   1.4999000e+01
   1.1000000e+01
   2.0000000e+00
   2.0000000e+00
   2.0000000e+00
   2.0000000e+00
   6.0010000e+00
   1.4999000e+01
   1.1000000e+01
   2.0000000e+00
   2.0000000e+00
   2.0000000e+00
   2.0000000e+00
   6.0010000e+00
   1.4999000e+01
   1.1000000e+01
   2.0000000e+00
   2.0000000e+00
   2.0000000e+00
   2.0000000e+00
   6.0010000e+00
   1.4999000e+01
   1.1000000e+01
   2.0000000e+00
   2.0000000e+00
   2.0000000e+00
   2.0000000e+00
   6.0010000e+00
   1.4999000e+01
   1.1000000e+01
   2.0000000e+00
   2.0000000e+00
   2.0000000e+00
   2.0000000e+00
   6.0010000e+00
   1.4999000e+01
   1.1000000e+01
   2.0000000e+00
   2.0000000e+00
   2.0000000e+00
   2.0000000e+00
   6.0010000e+00
   1.4999000e+01
   1.1000000e+01
   2.0000000e+00
   2.0000000e+00
   2.0000000e+00
   2.0000000e+00
   6.0010000e+00
