   1.9990000e+00
   7.3070000e+00
   2.8620000e+00
   4.1550000e+00
   2.1660000e+00
   2.0000000e+00
   1.9511000e+01
   1.9990000e+00
   7.5420000e+00
   2.6940000e+00
   3.7860000e+00
   3.1020000e+00
   2.0000000e+00
   1.8877000e+01
   1.9990000e+00
   7.5600000e+00
   3.2960000e+00
   2.8320000e+00
   1.8310000e+00
   2.0000000e+00
   2.0482000e+01
   1.9990000e+00
   8.0130000e+00
   2.7390000e+00
   2.8000000e+00
   2.2070000e+00
   2.0000000e+00
   2.0242000e+01
   1.9990000e+00
   8.2480000e+00
   2.8690000e+00
   2.8220000e+00
   2.1810000e+00
   2.0000000e+00
   1.9881000e+01
   1.9990000e+00
   8.4830000e+00
   3.6770000e+00
   2.0170000e+00
   1.8150000e+00
   2.0000000e+00
   2.0009000e+01
   1.9990000e+00
   8.7190000e+00
   3.0230000e+00
   3.1180000e+00
   1.6760000e+00
   2.0000000e+00
   1.9465000e+01
   1.9990000e+00
   8.9540000e+00
   4.1880000e+00
   4.2840000e+00
   1.6580000e+00
   2.0000000e+00
   1.6917000e+01
   1.9990000e+00
   1.0521000e+01
   5.2370000e+00
   4.7780000e+00
   1.5580000e+00
   2.0000000e+00
   1.3907000e+01
   1.9990000e+00
   1.0580000e+01
   5.2300000e+00
   1.6160000e+00
   9.3000000e-01
   2.0000000e+00
   1.7645000e+01
   1.9990000e+00
   1.0944000e+01
   3.0520000e+00
   2.5750000e+00
   1.4880000e+00
   2.0000000e+00
   1.7942000e+01
   1.9990000e+00
   1.1307000e+01
   4.0340000e+00
   3.1980000e+00
   1.5940000e+00
   2.0000000e+00
   1.5868000e+01
   1.9990000e+00
   1.1671000e+01
   3.3770000e+00
   3.5450000e+00
   3.6780000e+00
   2.0000000e+00
   1.3730000e+01
   1.9990000e+00
   1.2035000e+01
   3.9330000e+00
   2.1960000e+00
   1.9610000e+00
   2.0000000e+00
   1.5876000e+01
   1.9990000e+00
   1.2399000e+01
   1.8830000e+00
   5.0210000e+00
   2.5240000e+00
   2.0000000e+00
   1.4174000e+01
   1.9990000e+00
   1.2762000e+01
   3.9340000e+00
   2.8570000e+00
   2.3770000e+00
   2.0000000e+00
   1.4071000e+01
   1.9990000e+00
   1.3126000e+01
   3.7410000e+00
   1.7780000e+00
   1.6340000e+00
   2.0000000e+00
   1.5722000e+01
   1.9990000e+00
   1.3490000e+01
   4.7430000e+00
   3.5290000e+00
   1.6700000e+00
   2.0000000e+00
   1.2569000e+01
   1.9990000e+00
   1.3854000e+01
   3.2540000e+00
   2.5760000e+00
   3.4040000e+00
   2.0000000e+00
   1.2913000e+01
   1.9990000e+00
   1.5437000e+01
   4.1510000e+00
   3.5090000e+00
   2.0940000e+00
   2.0000000e+00
   1.0810000e+01
   1.9990000e+00
   1.5865000e+01
   6.2510000e+00
   5.3680000e+00
   1.1290000e+00
   2.0000000e+00
   7.3880000e+00
   1.9990000e+00
   1.6293000e+01
   3.6080000e+00
   2.1090000e+00
   1.0940000e+00
   2.0000000e+00
   1.2897000e+01
   1.9990000e+00
   1.6721000e+01
   2.9760000e+00
   2.9940000e+00
   1.8990000e+00
   2.0000000e+00
   1.1411000e+01
   1.9990000e+00
   1.7148000e+01
   3.0700000e+00
   1.9030000e+00
   1.9380000e+00
   2.0000000e+00
   1.1942000e+01
   1.9990000e+00
   1.7576000e+01
   2.5460000e+00
   4.0940000e+00
   3.3730000e+00
   2.0000000e+00
   8.4120000e+00
   1.9990000e+00
   1.8004000e+01
   3.4830000e+00
   2.8210000e+00
   1.6450000e+00
   2.0000000e+00
   1.0048000e+01
   1.9990000e+00
   1.9545000e+01
   3.6690000e+00
   2.2100000e+00
   5.1520000e+00
   2.0000000e+00
   5.4250000e+00
   1.9990000e+00
   2.0015000e+01
   4.5700000e+00
   2.6940000e+00
   2.0300000e+00
   2.0000000e+00
   6.6920000e+00
   1.9990000e+00
   2.0486000e+01
   3.1630000e+00
   2.5270000e+00
   2.2960000e+00
   2.0000000e+00
   7.5290000e+00
   1.9990000e+00
   2.0957000e+01
   2.8530000e+00
   3.3130000e+00
   2.9150000e+00
   2.0000000e+00
   5.9630000e+00
