   4.1060000e-03
   1.2906443e+02
   4.1050000e-03
   1.2898494e+02
   4.1050000e-03
   1.2955283e+02
   4.1050000e-03
   1.2943907e+02
   4.1050000e-03
   1.2963071e+02
   4.1050000e-03
   1.2945830e+02
   4.1050000e-03
   1.2989139e+02
   4.1050000e-03
   1.2952808e+02
   4.1050000e-03
   1.2949616e+02
   4.1050000e-03
   1.2901549e+02
   4.1050000e-03
   1.2974766e+02
   4.1050000e-03
   1.2982228e+02
   4.1050000e-03
   1.2999670e+02
   4.1050000e-03
   1.2981625e+02
   4.1050000e-03
   1.3003127e+02
   4.1050000e-03
   1.3002751e+02
   4.1050000e-03
   1.3009268e+02
   4.1050000e-03
   1.2994361e+02
   4.1050000e-03
   1.2989308e+02
   4.1050000e-03
   1.2998556e+02
   4.1050000e-03
   1.2983502e+02
   4.1050000e-03
   1.2990145e+02
   4.1060000e-03
   1.2966146e+02
   4.1060000e-03
   1.3001907e+02
   4.1050000e-03
   1.2972271e+02
   4.1050000e-03
   1.2999171e+02
   4.1050000e-03
   1.3021836e+02
   4.1050000e-03
   1.2949530e+02
   4.1050000e-03
   1.3026378e+02
   4.1050000e-03
   1.2872611e+02
   4.1060000e-03
   1.3003280e+02
