   1.6800000e-04
   1.9313434e+02
   1.6800000e-04
   1.9290045e+02
   1.6800000e-04
   1.9377248e+02
   1.6800000e-04
   1.9362529e+02
   1.6800000e-04
   1.9393337e+02
   1.6800000e-04
   1.9365773e+02
   1.6800000e-04
   1.9433880e+02
   1.6700000e-04
   1.9379000e+02
   1.6800000e-04
   1.9378082e+02
   1.6800000e-04
   1.9301424e+02
   1.6800000e-04
   1.9418637e+02
   1.6700000e-04
   1.9429520e+02
   1.6800000e-04
   1.9460437e+02
   1.6800000e-04
   1.9431384e+02
   1.6800000e-04
   1.9467112e+02
   1.6800000e-04
   1.9465815e+02
   1.6700000e-04
   1.9492938e+02
   1.6800000e-04
   1.9457051e+02
   1.6800000e-04
   1.9447521e+02
   1.6700000e-04
   1.9479878e+02
   1.6800000e-04
   1.9438334e+02
   1.6800000e-04
   1.9450479e+02
   1.6800000e-04
   1.9430123e+02
   1.6800000e-04
   1.9490109e+02
   1.6800000e-04
   1.9423041e+02
   1.6800000e-04
   1.9466533e+02
   1.6800000e-04
   1.9506482e+02
   1.6800000e-04
   1.9387279e+02
   1.6800000e-04
   1.9511205e+02
   1.6700000e-04
   1.9285952e+02
   1.6800000e-04
   1.9493301e+02
