   1.0400000e-04
  -3.7555445e-04
   1.0400000e-04
  -6.0999746e-03
   1.0400000e-04
  -3.2001775e-03
   1.0400000e-04
  -4.6053499e-03
   1.0300000e-04
  -5.2788765e-03
   1.0400000e-04
  -3.8351230e-03
   1.0400000e-04
  -3.6680300e-03
   1.0300000e-04
  -3.9098103e-03
   1.0400000e-04
  -1.4730225e-04
   1.0400000e-04
  -5.9093586e-03
   1.0400000e-04
  -4.5206974e-03
   1.0400000e-04
  -4.6666194e-03
   1.0400000e-04
  -2.6187842e-03
   1.0400000e-04
  -5.9330585e-03
   1.0400000e-04
  -4.1836230e-03
   1.0400000e-04
  -8.3405053e-04
   1.0400000e-04
  -4.1134158e-03
   1.0400000e-04
  -4.7697702e-03
   1.0400000e-04
  -3.2815305e-03
   1.0400000e-04
  -2.6294006e-03
   1.0400000e-04
  -5.4535976e-03
   1.0400000e-04
  -2.0184532e-03
   1.0400000e-04
  -7.1423943e-04
   1.0400000e-04
  -5.1708258e-03
   1.0400000e-04
  -2.3622044e-03
   1.0400000e-04
  -2.0205470e-03
   1.0400000e-04
  -3.6650070e-03
   1.0400000e-04
  -3.5771381e-03
   1.0400000e-04
  -6.1885807e-03
   1.0400000e-04
  -3.3162694e-03
   1.0300000e-04
  -2.7788317e-03
