   2.1230000e-03
   1.1351844e+02
   2.1230000e-03
   1.1373490e+02
   2.1230000e-03
   1.1371727e+02
   2.1230000e-03
   1.1401457e+02
   2.1230000e-03
   1.1308914e+02
   2.1230000e-03
   1.1432096e+02
   2.1230000e-03
   1.1438333e+02
   2.1230000e-03
   1.1466726e+02
   2.1230000e-03
   1.1471870e+02
   2.1230000e-03
   1.1475016e+02
   2.1230000e-03
   1.1478970e+02
   2.1230000e-03
   1.1481900e+02
   2.1230000e-03
   1.1481206e+02
   2.1230000e-03
   1.1414524e+02
   2.1230000e-03
   1.1125235e+02
   2.1230000e-03
   1.1126842e+02
   2.1230000e-03
   1.1128319e+02
   2.1230000e-03
   1.1476311e+02
   2.1230000e-03
   1.1484030e+02
   2.1230000e-03
   1.1489388e+02
   2.1230000e-03
   1.1486658e+02
   2.1230000e-03
   1.1480655e+02
   2.1230000e-03
   1.1469001e+02
   2.1230000e-03
   1.1465392e+02
   2.1230000e-03
   1.1482401e+02
   2.1230000e-03
   1.1484087e+02
   2.1230000e-03
   1.1490006e+02
   2.1230000e-03
   1.1484711e+02
   2.1230000e-03
   1.1555851e+02
   2.1230000e-03
   1.1561918e+02
   2.1230000e-03
   1.1555775e+02
   2.1230000e-03
   1.1566383e+02
   2.1230000e-03
   1.1571983e+02
   2.1230000e-03
   1.1591044e+02
   2.1230000e-03
   1.1588957e+02
   2.1230000e-03
   1.1583427e+02
   2.1230000e-03
   1.1581405e+02
   2.1230000e-03
   1.1513173e+02
   2.1230000e-03
   1.1567031e+02
   2.1230000e-03
   1.1554986e+02
   2.1230000e-03
   1.1584486e+02
   2.1230000e-03
   1.1583436e+02
   2.1230000e-03
   1.1577316e+02
   2.1230000e-03
   1.1549156e+02
   2.1230000e-03
   1.1558851e+02
