   1.0600000e-04
   2.6264114e-02
   1.0600000e-04
   3.9779615e-02
   1.0600000e-04
   4.9279096e-02
   1.0600000e-04
   4.8256982e-02
   1.0600000e-04
   5.2541125e-02
   1.0600000e-04
   6.0708467e-02
   1.0600000e-04
   5.7444923e-02
   1.0600000e-04
   5.7033834e-02
   1.0600000e-04
   5.7736502e-02
   1.0600000e-04
   6.3333077e-02
   1.0600000e-04
   6.8527197e-02
   1.0600000e-04
   6.4627363e-02
   1.0600000e-04
   5.6159223e-02
   1.0600000e-04
   6.6188788e-02
   1.0600000e-04
   7.5225880e-02
   1.0600000e-04
   7.5445416e-02
   1.0600000e-04
   7.0504914e-02
   1.0600000e-04
   6.3394879e-02
   1.0600000e-04
   7.2849587e-02
   1.0600000e-04
   6.9216923e-02
   1.0600000e-04
   7.0613782e-02
   1.0600000e-04
   6.6099711e-02
   1.0600000e-04
   7.3629307e-02
   1.0600000e-04
   6.9780581e-02
   1.0600000e-04
   7.0589376e-02
