   2.1280000e-03
  -4.0232109e-01
   2.1280000e-03
  -5.0072198e-01
   2.1280000e-03
   5.2110496e-01
   2.1280000e-03
   1.3684800e-01
   2.1280000e-03
   5.4463763e-01
   2.1280000e-03
   3.9192492e-01
   2.1280000e-03
   2.1032936e-01
   2.1280000e-03
   3.6048175e-01
   2.1280000e-03
   8.0500299e-02
   2.1280000e-03
   2.7402230e-01
   2.1280000e-03
   1.9291802e-01
   2.1280000e-03
  -4.0149001e-02
   2.1280000e-03
  -4.8540905e-01
   2.1280000e-03
  -1.3006677e-01
   2.1280000e-03
  -2.7757392e-02
   2.1280000e-03
  -2.2091940e-01
   2.1280000e-03
   1.4158017e-01
   2.1280000e-03
  -1.1947554e-01
   2.1280000e-03
  -2.6523513e-01
   2.1280000e-03
   9.6541248e-02
   2.1280000e-03
  -1.9453920e-01
   2.1280000e-03
  -7.8204707e-02
   2.1280000e-03
  -1.9978546e-01
   2.1280000e-03
   1.0584586e-01
   2.1280000e-03
  -2.2144097e-01
   2.1280000e-03
   1.0162338e-01
   2.1280000e-03
   1.3756771e-01
   2.1280000e-03
  -8.7869540e-02
   2.1280000e-03
   1.3893235e-02
   2.1280000e-03
  -1.5250097e-01
