   4.1230000e-03
  -1.9297952e-01
   4.1230000e-03
  -2.8801450e+00
   4.1230000e-03
  -2.6557176e+00
   4.1230000e-03
  -2.6736309e+00
   4.1230000e-03
  -2.7865268e+00
   4.1230000e-03
  -2.7803309e+00
   4.1230000e-03
  -2.6594676e+00
   4.1230000e-03
  -2.6943923e+00
   4.1230000e-03
  -2.7517072e+00
   4.1230000e-03
  -2.7040966e+00
   4.1230000e-03
  -2.6585184e+00
   4.1230000e-03
  -2.6466912e+00
   4.1230000e-03
  -2.6551125e+00
   4.1230000e-03
  -2.6417764e+00
   4.1230000e-03
  -2.5845066e+00
   4.1230000e-03
  -2.5693406e+00
   4.1230000e-03
  -5.3012848e+00
   4.1230000e-03
  -2.6046114e+00
   4.1230000e-03
  -2.6102219e+00
   4.1230000e-03
  -5.3581125e+00
   4.1230000e-03
  -2.5443631e+00
   4.1230000e-03
  -2.5726268e+00
   4.1240000e-03
  -2.4410156e+00
   4.1240000e-03
  -2.4858535e+00
   4.1230000e-03
  -2.6816193e+00
   4.1230000e-03
  -2.6413349e+00
   4.1230000e-03
  -2.6983822e+00
   4.1230000e-03
  -2.5638341e+00
   4.1230000e-03
  -2.6197964e+00
   4.1230000e-03
  -5.4372254e+00
   4.1240000e-03
  -2.4331416e+00
