   2.5200000e-04
   2.9228554e+02
   2.5200000e-04
   2.9363991e+02
   2.5200000e-04
   2.9472461e+02
   2.5300000e-04
   2.9600866e+02
   2.5400000e-04
   2.9720028e+02
   2.5600000e-04
   2.9795442e+02
   2.5600000e-04
   2.9873280e+02
   2.5800000e-04
   2.9949417e+02
   2.5700000e-04
   3.0005389e+02
   2.5600000e-04
   3.0068956e+02
   2.5700000e-04
   3.0147525e+02
   2.5600000e-04
   3.0180580e+02
   2.5600000e-04
   3.0210153e+02
   2.5700000e-04
   3.0241327e+02
   2.5500000e-04
   3.0287765e+02
   2.5600000e-04
   3.0276919e+02
   2.5600000e-04
   3.0295884e+02
   2.5900000e-04
   3.0300246e+02
   2.5700000e-04
   3.0302250e+02
   2.5800000e-04
   3.0309412e+02
   2.5800000e-04
   3.0333731e+02
   2.5800000e-04
   3.0333537e+02
   2.5900000e-04
   3.0332474e+02
   2.5800000e-04
   3.0293887e+02
   2.5800000e-04
   3.0350428e+02
   2.5700000e-04
   3.0356757e+02
   2.5500000e-04
   3.0414148e+02
   2.5900000e-04
   3.0428190e+02
   2.5600000e-04
   3.0430283e+02
   2.5900000e-04
   3.0412204e+02
