   2.5200000e-04
   2.9183830e+02
   2.5300000e-04
   2.9302193e+02
   2.5300000e-04
   2.9423931e+02
   2.5400000e-04
   2.9547877e+02
   2.5600000e-04
   2.9662776e+02
   2.5500000e-04
   2.9757842e+02
   2.5600000e-04
   2.9849782e+02
   2.5800000e-04
   2.9913414e+02
   2.5900000e-04
   2.9971204e+02
   2.5600000e-04
   3.0040724e+02
   2.5700000e-04
   3.0085897e+02
   2.5700000e-04
   3.0132108e+02
   2.5800000e-04
   3.0150615e+02
   2.5700000e-04
   3.0186223e+02
   2.5900000e-04
   3.0200810e+02
   2.5800000e-04
   3.0205114e+02
   2.5900000e-04
   3.0225068e+02
   2.5800000e-04
   3.0215246e+02
   2.5600000e-04
   3.0270034e+02
   2.5900000e-04
   3.0303646e+02
   2.5800000e-04
   3.0302855e+02
   2.5800000e-04
   3.0299009e+02
   2.5900000e-04
   3.0299323e+02
   2.5800000e-04
   3.0298952e+02
   2.5900000e-04
   3.0297867e+02
   2.5900000e-04
   3.0231939e+02
   2.5600000e-04
   3.0192191e+02
   2.5800000e-04
   3.0207882e+02
   2.5700000e-04
   3.0208713e+02
   2.5700000e-04
   3.0215946e+02
   2.5700000e-04
   3.0214538e+02
   2.5700000e-04
   3.0226893e+02
   2.5500000e-04
   3.0221700e+02
   2.5800000e-04
   3.0229987e+02
