   2.1280000e-03
  -2.8685814e-01
   2.1280000e-03
  -3.6838029e-01
   2.1280000e-03
  -6.1718302e-01
   2.1280000e-03
  -7.4786885e-01
   2.1280000e-03
  -8.6107772e-01
   2.1280000e-03
  -9.1351104e-01
   2.1280000e-03
  -9.6383268e-01
   2.1280000e-03
  -9.5188525e-01
   2.1280000e-03
  -1.1650978e+00
   2.1280000e-03
  -1.1272848e+00
   2.1280000e-03
  -1.0230541e+00
   2.1280000e-03
  -1.2928091e+00
   2.1280000e-03
  -1.2096849e+00
   2.1280000e-03
  -1.3475685e+00
   2.1280000e-03
  -1.0357273e+00
   2.1280000e-03
  -1.0093983e+00
   2.1280000e-03
  -8.9845513e-01
   2.1280000e-03
  -1.1092018e+00
   2.1280000e-03
  -1.1075793e+00
   2.1280000e-03
  -1.2677501e+00
   2.1280000e-03
  -1.3033292e+00
   2.1280000e-03
  -1.0761502e+00
   2.1280000e-03
  -9.2107943e-01
   2.1280000e-03
  -1.9173391e+00
   2.1280000e-03
  -1.9701743e+00
   2.1280000e-03
  -1.8774032e+00
   2.1280000e-03
  -1.6893058e+00
   2.1280000e-03
  -1.7427404e+00
   2.1280000e-03
  -1.5201290e+00
   2.1280000e-03
  -1.3199109e+00
   2.1280000e-03
  -1.3290790e+00
   2.1280000e-03
  -1.3018724e+00
   2.1280000e-03
  -1.3224232e+00
   2.1280000e-03
  -1.3948731e+00
   2.1280000e-03
  -1.2898729e+00
   2.1280000e-03
  -1.4361227e+00
   2.1280000e-03
  -1.1315205e+00
   2.1280000e-03
  -1.0589410e+00
   2.1280000e-03
  -1.1206982e+00
   2.1280000e-03
  -9.1412929e-01
   2.1280000e-03
  -9.0478439e-01
   2.1280000e-03
  -9.5166316e-01
   2.1280000e-03
  -9.2509333e-01
   2.1280000e-03
  -1.0127236e+00
   2.1280000e-03
  -1.0032884e+00
