   1.6800000e-04
   1.9004374e+02
   1.6700000e-04
   1.9045684e+02
   1.6700000e-04
   1.9047883e+02
   1.6800000e-04
   1.9082177e+02
   1.6700000e-04
   1.9111869e+02
   1.6800000e-04
   1.9083693e+02
   1.6800000e-04
   1.9071824e+02
   1.6700000e-04
   1.9100325e+02
   1.6800000e-04
   1.9133810e+02
   1.6800000e-04
   1.9099680e+02
   1.6800000e-04
   1.9082356e+02
   1.6800000e-04
   1.9123508e+02
   1.6800000e-04
   1.9101340e+02
   1.6800000e-04
   1.9117574e+02
   1.6800000e-04
   1.9107409e+02
   1.6800000e-04
   1.9126411e+02
   1.6800000e-04
   1.9119770e+02
   1.6800000e-04
   1.9119392e+02
   1.6800000e-04
   1.9128515e+02
   1.6800000e-04
   1.9122790e+02
   1.6800000e-04
   1.9136766e+02
   1.6800000e-04
   1.9115543e+02
   1.6800000e-04
   1.9133347e+02
   1.6800000e-04
   1.9071567e+02
   1.6800000e-04
   1.9136548e+02
   1.6800000e-04
   1.9159857e+02
   1.6800000e-04
   1.9208725e+02
   1.6800000e-04
   1.9146664e+02
   1.6800000e-04
   1.9153647e+02
   1.6800000e-04
   1.9155359e+02
   1.6800000e-04
   1.9162767e+02
