   1.0600000e-04
   4.7644997e-02
   1.0600000e-04
   3.1118147e-02
   1.0600000e-04
   4.5173985e-02
   1.0600000e-04
   3.9400892e-02
   1.0600000e-04
   3.6916292e-02
   1.0600000e-04
   3.2060903e-02
   1.0600000e-04
   3.0713637e-02
   1.0600000e-04
   2.3152586e-02
   1.0600000e-04
   2.9490541e-02
   1.0600000e-04
   3.0063236e-02
   1.0600000e-04
   2.0370228e-02
   1.0600000e-04
   1.9085264e-02
   1.0600000e-04
   2.7668245e-02
   1.0600000e-04
   3.3424725e-02
   1.0600000e-04
   3.3794320e-02
   1.0600000e-04
   3.2218616e-02
   1.0600000e-04
   3.2186649e-02
   1.0600000e-04
   1.7748104e-02
   1.0600000e-04
   2.0926883e-02
   1.0600000e-04
   2.7745766e-02
   1.0600000e-04
   2.4449100e-02
   1.0600000e-04
   3.2684224e-02
   1.0600000e-04
   2.5125421e-02
   1.0600000e-04
   3.4701650e-02
