   2.1060000e-03
   1.2978877e+02
   2.1050000e-03
   1.3014414e+02
   2.1050000e-03
   1.3016950e+02
   2.1050000e-03
   1.3036333e+02
   2.1050000e-03
   1.3048795e+02
   2.1060000e-03
   1.3025195e+02
   2.1050000e-03
   1.3030332e+02
   2.1050000e-03
   1.3036841e+02
   2.1060000e-03
   1.3054528e+02
   2.1050000e-03
   1.3044026e+02
   2.1050000e-03
   1.3031401e+02
   2.1050000e-03
   1.3058942e+02
   2.1050000e-03
   1.3042591e+02
   2.1050000e-03
   1.3053163e+02
   2.1050000e-03
   1.3046832e+02
   2.1050000e-03
   1.3058646e+02
   2.1050000e-03
   1.3055241e+02
   2.1050000e-03
   1.3051834e+02
   2.1050000e-03
   1.3057189e+02
   2.1060000e-03
   1.3042415e+02
   2.1050000e-03
   1.3065097e+02
   2.1050000e-03
   1.3051146e+02
   2.1060000e-03
   1.3049149e+02
   2.1050000e-03
   1.3015045e+02
   2.1050000e-03
   1.3060687e+02
   2.1050000e-03
   1.3074868e+02
   2.1050000e-03
   1.3107067e+02
   2.1050000e-03
   1.3068780e+02
   2.1050000e-03
   1.3073394e+02
   2.1050000e-03
   1.3074999e+02
   2.1050000e-03
   1.3081090e+02
