   2.5700000e-04
   2.0738662e+02
   2.5800000e-04
   2.0780860e+02
   2.5700000e-04
   2.0795449e+02
   2.5600000e-04
   2.0859749e+02
   2.5700000e-04
   2.0691956e+02
   2.5900000e-04
   2.0915716e+02
   2.5600000e-04
   2.0943399e+02
   2.5900000e-04
   2.0997963e+02
   2.5800000e-04
   2.1023541e+02
   2.5700000e-04
   2.1032631e+02
   2.5800000e-04
   2.1036220e+02
   2.5900000e-04
   2.1033842e+02
   2.5900000e-04
   2.1034671e+02
   2.5900000e-04
   2.0905698e+02
   2.6100000e-04
   2.0384207e+02
   2.5900000e-04
   2.0391480e+02
   2.5800000e-04
   2.0400401e+02
   2.5600000e-04
   2.1037591e+02
   2.5700000e-04
   2.1049411e+02
   2.5800000e-04
   2.1054828e+02
   2.5700000e-04
   2.1045168e+02
   2.5800000e-04
   2.1022059e+02
   2.5900000e-04
   2.1008964e+02
   2.5800000e-04
   2.1012135e+02
   2.5900000e-04
   2.1049002e+02
   2.5900000e-04
   2.1051932e+02
   2.5900000e-04
   2.1057045e+02
   2.5900000e-04
   2.1049701e+02
   2.5800000e-04
   2.1183963e+02
   2.5700000e-04
   2.1203020e+02
   2.5900000e-04
   2.1192324e+02
   2.5800000e-04
   2.1207509e+02
   2.5800000e-04
   2.1225901e+02
   2.5700000e-04
   2.1261612e+02
   2.5800000e-04
   2.1253581e+02
   2.5800000e-04
   2.1258014e+02
   2.5800000e-04
   2.1256321e+02
   2.5700000e-04
   2.1122696e+02
   2.5600000e-04
   2.1221963e+02
   2.6000000e-04
   2.1203716e+02
   2.5700000e-04
   2.1240575e+02
   2.5900000e-04
   2.1241466e+02
   2.5800000e-04
   2.1237433e+02
   2.6000000e-04
   2.1176768e+02
   2.5900000e-04
   2.1200403e+02
