   1.0600000e-04
   1.3715280e-02
   1.0600000e-04
   2.4246416e-02
   1.0600000e-04
   2.6175531e-02
   1.0600000e-04
   2.7110708e-02
   1.0600000e-04
   5.0619519e-02
   1.0600000e-04
   5.4738570e-02
   1.0600000e-04
   5.8621076e-02
   1.0600000e-04
   6.9795014e-02
   1.0600000e-04
   6.4801322e-02
   1.0600000e-04
   6.8973265e-02
   1.0600000e-04
   6.2956363e-02
   1.0600000e-04
   6.4727014e-02
   1.0600000e-04
   7.1341214e-02
   1.0600000e-04
   7.8200366e-02
   1.0600000e-04
   8.2787143e-02
   1.0600000e-04
   7.2129231e-02
   1.0600000e-04
   6.6723004e-02
   1.0600000e-04
   5.6254770e-02
   1.0600000e-04
   7.6303909e-02
   1.0600000e-04
   6.4531656e-02
   1.0600000e-04
   6.5618071e-02
   1.0600000e-04
   6.6252712e-02
   1.0600000e-04
   7.4758301e-02
   1.0600000e-04
   6.4983637e-02
   1.0600000e-04
   8.1335684e-02
   1.0600000e-04
   3.9572308e-02
   1.0600000e-04
   4.0788431e-02
   1.0600000e-04
   6.7687432e-02
   1.0600000e-04
   6.8296277e-02
   1.0600000e-04
   6.3524251e-02
   1.0600000e-04
   5.2357376e-02
   1.0600000e-04
   6.1995077e-02
   1.0600000e-04
   5.4406890e-02
   1.0600000e-04
   6.0099158e-02
