   2.1270000e-03
   8.4806581e-01
   2.1280000e-03
  -2.9020672e-01
   2.1280000e-03
  -3.8984010e-01
   2.1280000e-03
   1.5906874e-01
   2.1280000e-03
   6.1397379e-01
   2.1280000e-03
   4.7173082e-01
   2.1280000e-03
   4.4424127e-01
   2.1280000e-03
   1.9552746e-01
   2.1280000e-03
   5.9190107e-01
   2.1280000e-03
   8.9114853e-02
   2.1280000e-03
  -1.3455340e-01
   2.1280000e-03
   3.4670959e-01
   2.1280000e-03
   2.8459816e-01
   2.1280000e-03
   5.4274573e-02
   2.1280000e-03
   3.5667979e-02
   2.1280000e-03
   1.2608423e-01
   2.1280000e-03
  -1.0111581e+00
   2.1280000e-03
  -1.4027844e-01
   2.1280000e-03
   2.4561560e-01
   2.1280000e-03
   3.4990641e-02
   2.1280000e-03
   2.6677626e-02
   2.1280000e-03
   1.7302523e-02
   2.1280000e-03
  -3.7180188e-02
   2.1280000e-03
  -1.3203784e-01
   2.1280000e-03
  -3.5860575e-01
   2.1280000e-03
  -4.9961251e-01
   2.1280000e-03
   1.1732654e-01
   2.1280000e-03
   1.8829288e-01
   2.1280000e-03
   1.4776405e-01
   2.1280000e-03
   2.5297754e-01
   2.1280000e-03
   1.7870022e-01
   2.1280000e-03
   2.9905615e-01
   2.1280000e-03
   2.2091093e-01
   2.1280000e-03
   1.5958652e-01
