 observation data:
  0.646858E-01  0.658435E-02  0.426901E-02  0.301264E-02  0.235046E-02  0.198656E-02  0.163702E-02  0.139166E-02  0.120461E-02  0.105728E-02  0.922395E-03  0.819246E-03  0.740616E-03  0.669128E-03  0.596905E-03  0.537315E-03  0.488641E-03  0.463434E-03  0.423368E-03  0.389156E-03  0.358682E-03  0.335447E-03  0.287978E-03  0.286574E-03  0.261286E-03  0.248260E-03  0.230635E-03  0.216796E-03  0.198126E-03  0.184345E-03  0.175338E-03  0.162068E-03  0.152163E-03  0.144984E-03  0.131359E-03  0.125412E-03  0.120972E-03  0.115555E-03  0.109745E-03  0.104012E-03  0.103574E-03  0.999038E-04  0.953364E-04  0.904579E-04  0.853281E-04  0.811641E-04  0.766311E-04  0.711818E-04  0.668726E-04  0.658225E-04  0.615432E-04  0.604722E-04  0.567904E-04  0.535029E-04  0.514032E-04  0.480448E-04
 iteration =            1
 lambda =    10.000000000000000     
 calculate dB/dt in time domain ...
 calculate Jacobi matrix ...
 deltadobs:
  0.495959E-01 -0.630678E-04  0.752538E-03  0.987963E-03  0.109959E-02  0.117642E-02  0.109135E-02  0.101422E-02  0.934173E-03  0.860642E-03  0.777021E-03  0.709416E-03  0.656410E-03  0.604043E-03  0.546087E-03  0.497196E-03  0.456677E-03  0.437731E-03  0.402563E-03  0.372205E-03  0.344798E-03  0.324054E-03  0.278594E-03  0.278792E-03  0.254789E-03  0.242802E-03  0.226029E-03  0.212906E-03  0.194843E-03  0.181579E-03  0.173002E-03  0.160086E-03  0.150470E-03  0.143528E-03  0.130101E-03  0.124326E-03  0.120037E-03  0.114749E-03  0.109052E-03  0.103415E-03  0.103060E-03  0.994581E-04  0.949469E-04  0.901166E-04  0.850286E-04  0.809020E-04  0.764032E-04  0.709844E-04  0.667013E-04  0.656734E-04  0.614138E-04  0.603603E-04  0.566931E-04  0.534178E-04  0.513286E-04  0.479798E-04
 done!
  0.339821E+00  0.127613E-01  0.100000E+03  0.100000E+03  0.250100E+01  0.731000E+00  0.676800E+01
 calculate Rp and Rd ...
 calculate matrix A ...
 done!
 奇异值分解 l =            0
 deltam = 
  -2.6684383248732555E-005   2.3164907522668949E-005   6.4943048366700668E-009   2.3015468339838882E-010  -1.8105287033605519E-004  -3.2865878326879325E-005   3.4472701718741561E-015
 error:
0.441396E-04
 iteration =            2
 lambda =    5.0000000000000000     
 calculate dB/dt in time domain ...
 calculate Jacobi matrix ...
 deltadobs:
  0.495889E-01 -0.657271E-04  0.751430E-03  0.987450E-03  0.109933E-02  0.117629E-02  0.109128E-02  0.101418E-02  0.934150E-03  0.860629E-03  0.777014E-03  0.709413E-03  0.656409E-03  0.604043E-03  0.546087E-03  0.497196E-03  0.456678E-03  0.437732E-03  0.402564E-03  0.372206E-03  0.344799E-03  0.324055E-03  0.278595E-03  0.278792E-03  0.254789E-03  0.242803E-03  0.226029E-03  0.212906E-03  0.194844E-03  0.181580E-03  0.173002E-03  0.160086E-03  0.150470E-03  0.143528E-03  0.130101E-03  0.124327E-03  0.120037E-03  0.114750E-03  0.109052E-03  0.103415E-03  0.103060E-03  0.994581E-04  0.949469E-04  0.901166E-04  0.850286E-04  0.809020E-04  0.764033E-04  0.709844E-04  0.667014E-04  0.656734E-04  0.614139E-04  0.603603E-04  0.566931E-04  0.534179E-04  0.513287E-04  0.479798E-04
 done!
  0.339812E+00  0.127616E-01  0.100000E+03  0.100000E+03  0.250055E+01  0.730976E+00  0.676800E+01
 calculate Rp and Rd ...
 calculate matrix A ...
 done!
 奇异值分解 l =            0
 deltam = 
  -2.6676443567687877E-005   2.3166708166505754E-005   6.4997365000691464E-009   2.2857958822857841E-010  -1.8112294625529659E-004  -3.2878247756264112E-005   1.2058217011566646E-014
 error:
0.441271E-04
 iteration =            3
 lambda =    2.5000000000000000     
 calculate dB/dt in time domain ...
 calculate Jacobi matrix ...
 deltadobs:
  0.495818E-01 -0.683881E-04  0.750320E-03  0.986936E-03  0.109907E-02  0.117615E-02  0.109120E-02  0.101414E-02  0.934127E-03  0.860616E-03  0.777007E-03  0.709409E-03  0.656407E-03  0.604042E-03  0.546087E-03  0.497197E-03  0.456678E-03  0.437733E-03  0.402565E-03  0.372207E-03  0.344799E-03  0.324056E-03  0.278595E-03  0.278793E-03  0.254790E-03  0.242803E-03  0.226030E-03  0.212906E-03  0.194844E-03  0.181580E-03  0.173002E-03  0.160086E-03  0.150470E-03  0.143528E-03  0.130102E-03  0.124327E-03  0.120037E-03  0.114750E-03  0.109052E-03  0.103415E-03  0.103060E-03  0.994582E-04  0.949470E-04  0.901167E-04  0.850286E-04  0.809021E-04  0.764033E-04  0.709845E-04  0.667014E-04  0.656734E-04  0.614139E-04  0.603604E-04  0.566931E-04  0.534179E-04  0.513287E-04  0.479798E-04
 done!
  0.339803E+00  0.127619E-01  0.100000E+03  0.100000E+03  0.250009E+01  0.730952E+00  0.676800E+01
 calculate Rp and Rd ...
 calculate matrix A ...
 done!
 奇异值分解 l =            0
 deltam = 
  -5.3328556001198453E-005   4.6331431759460203E-005   1.3008085449726699E-008   4.5865320707130448E-010  -3.6232522001911223E-004  -6.5771701760594436E-005  -1.8441965577806182E-014
 error:
0.441145E-04
 iteration =            4
 lambda =    1.2500000000000000     
 calculate dB/dt in time domain ...
 calculate Jacobi matrix ...
 deltadobs:
  0.495677E-01 -0.737134E-04  0.748101E-03  0.985909E-03  0.109856E-02  0.117588E-02  0.109106E-02  0.101406E-02  0.934081E-03  0.860590E-03  0.776992E-03  0.709402E-03  0.656404E-03  0.604041E-03  0.546087E-03  0.497198E-03  0.456680E-03  0.437735E-03  0.402567E-03  0.372208E-03  0.344801E-03  0.324057E-03  0.278597E-03  0.278794E-03  0.254791E-03  0.242804E-03  0.226030E-03  0.212907E-03  0.194844E-03  0.181580E-03  0.173003E-03  0.160087E-03  0.150471E-03  0.143529E-03  0.130102E-03  0.124327E-03  0.120037E-03  0.114750E-03  0.109052E-03  0.103415E-03  0.103060E-03  0.994583E-04  0.949471E-04  0.901168E-04  0.850287E-04  0.809021E-04  0.764034E-04  0.709845E-04  0.667014E-04  0.656735E-04  0.614139E-04  0.603604E-04  0.566932E-04  0.534179E-04  0.513287E-04  0.479798E-04
 done!
  0.339785E+00  0.127625E-01  0.100000E+03  0.100000E+03  0.249919E+01  0.730904E+00  0.676800E+01
 calculate Rp and Rd ...
 calculate matrix A ...
 done!
 奇异值分解 l =            0
 deltam = 
  -1.0655985216879355E-004   9.2654603087249259E-005   2.6010175920655571E-008   9.1494342385261726E-010  -7.2496674008568757E-004  -1.3160414296724330E-004   1.2548838408754068E-013
 error:
0.440894E-04
 iteration =            5
 lambda =   0.62500000000000000     
 calculate dB/dt in time domain ...
 calculate Jacobi matrix ...
 deltadobs:
  0.495394E-01 -0.843776E-04  0.743658E-03  0.983853E-03  0.109753E-02  0.117534E-02  0.109076E-02  0.101390E-02  0.933989E-03  0.860538E-03  0.776964E-03  0.709388E-03  0.656398E-03  0.604039E-03  0.546088E-03  0.497200E-03  0.456683E-03  0.437738E-03  0.402570E-03  0.372211E-03  0.344804E-03  0.324059E-03  0.278599E-03  0.278796E-03  0.254793E-03  0.242806E-03  0.226032E-03  0.212908E-03  0.194846E-03  0.181581E-03  0.173004E-03  0.160088E-03  0.150472E-03  0.143529E-03  0.130102E-03  0.124328E-03  0.120038E-03  0.114750E-03  0.109052E-03  0.103416E-03  0.103061E-03  0.994585E-04  0.949472E-04  0.901169E-04  0.850289E-04  0.809023E-04  0.764035E-04  0.709846E-04  0.667015E-04  0.656736E-04  0.614140E-04  0.603605E-04  0.566932E-04  0.534180E-04  0.513288E-04  0.479799E-04
 done!
  0.339749E+00  0.127636E-01  0.100000E+03  0.100000E+03  0.249738E+01  0.730808E+00  0.676800E+01
 calculate Rp and Rd ...
 calculate matrix A ...
 done!
 奇异值分解 l =            0
 deltam = 
  -2.1273071723198754E-004   1.8527488743829676E-004   5.2088597884191202E-008   1.8797430689828083E-009  -1.4511905621857916E-003  -2.6344975609510787E-004   6.0769017267256378E-014
 error:
0.440391E-04
 iteration =            6
 lambda =   0.31250000000000000     
 calculate dB/dt in time domain ...
 calculate Jacobi matrix ...
 deltadobs:
  0.494826E-01 -0.105760E-03  0.734757E-03  0.979735E-03  0.109547E-02  0.117426E-02  0.109017E-02  0.101357E-02  0.933806E-03  0.860435E-03  0.776907E-03  0.709360E-03  0.656386E-03  0.604036E-03  0.546089E-03  0.497204E-03  0.456690E-03  0.437745E-03  0.402577E-03  0.372217E-03  0.344809E-03  0.324065E-03  0.278604E-03  0.278801E-03  0.254797E-03  0.242809E-03  0.226035E-03  0.212911E-03  0.194848E-03  0.181583E-03  0.173006E-03  0.160089E-03  0.150473E-03  0.143531E-03  0.130104E-03  0.124329E-03  0.120039E-03  0.114751E-03  0.109053E-03  0.103416E-03  0.103061E-03  0.994589E-04  0.949476E-04  0.901173E-04  0.850292E-04  0.809026E-04  0.764037E-04  0.709848E-04  0.667017E-04  0.656737E-04  0.614141E-04  0.603606E-04  0.566933E-04  0.534181E-04  0.513289E-04  0.479800E-04
 done!
  0.339676E+00  0.127660E-01  0.100000E+03  0.100000E+03  0.249376E+01  0.730615E+00  0.676800E+01
 calculate Rp and Rd ...
 calculate matrix A ...
 done!
 奇异值分解 l =            0
 deltam = 
  -4.2390490865067777E-004   3.7040458174209434E-004   1.0444729890156451E-007   3.6811228052360804E-009  -2.9073439732792898E-003  -5.2785497004915994E-004  -2.8376628330475262E-013
 error:
0.439381E-04
 iteration =            7
 lambda =   0.15625000000000000     
 calculate dB/dt in time domain ...
 calculate Jacobi matrix ...
 deltadobs:
  0.493680E-01 -0.148738E-03  0.716892E-03  0.971481E-03  0.109135E-02  0.117210E-02  0.108899E-02  0.101291E-02  0.933440E-03  0.860229E-03  0.776793E-03  0.709304E-03  0.656362E-03  0.604029E-03  0.546091E-03  0.497213E-03  0.456703E-03  0.437760E-03  0.402591E-03  0.372230E-03  0.344820E-03  0.324075E-03  0.278614E-03  0.278810E-03  0.254805E-03  0.242816E-03  0.226041E-03  0.212916E-03  0.194853E-03  0.181588E-03  0.173009E-03  0.160093E-03  0.150476E-03  0.143533E-03  0.130106E-03  0.124331E-03  0.120040E-03  0.114753E-03  0.109054E-03  0.103418E-03  0.103062E-03  0.994598E-04  0.949484E-04  0.901179E-04  0.850298E-04  0.809031E-04  0.764042E-04  0.709853E-04  0.667021E-04  0.656741E-04  0.614144E-04  0.603609E-04  0.566936E-04  0.534183E-04  0.513291E-04  0.479801E-04
 done!
  0.339532E+00  0.127707E-01  0.100000E+03  0.100000E+03  0.248652E+01  0.730230E+00  0.676800E+01
 calculate Rp and Rd ...
 calculate matrix A ...
 done!
 奇异值分解 l =            0
 deltam = 
  -8.4158066096535610E-004   7.4015752477504760E-004   2.0936125052124822E-007   7.3590956369611229E-009  -5.8340075881264239E-003  -1.0594466457544147E-003   7.5406558237449409E-014
 error:
0.437350E-04
 iteration =            8
 lambda =    7.8125000000000000E-002
 calculate dB/dt in time domain ...
 calculate Jacobi matrix ...
 deltadobs:
  0.491353E-01 -0.235549E-03  0.680912E-03  0.954895E-03  0.108309E-02  0.116777E-02  0.108664E-02  0.101161E-02  0.932712E-03  0.859822E-03  0.776568E-03  0.709194E-03  0.656317E-03  0.604017E-03  0.546096E-03  0.497231E-03  0.456729E-03  0.437789E-03  0.402619E-03  0.372255E-03  0.344843E-03  0.324097E-03  0.278634E-03  0.278829E-03  0.254821E-03  0.242831E-03  0.226053E-03  0.212927E-03  0.194862E-03  0.181596E-03  0.173017E-03  0.160100E-03  0.150482E-03  0.143539E-03  0.130111E-03  0.124335E-03  0.120044E-03  0.114756E-03  0.109057E-03  0.103420E-03  0.103064E-03  0.994616E-04  0.949499E-04  0.901193E-04  0.850310E-04  0.809042E-04  0.764052E-04  0.709862E-04  0.667029E-04  0.656747E-04  0.614150E-04  0.603614E-04  0.566941E-04  0.534187E-04  0.513295E-04  0.479805E-04
 done!
  0.339247E+00  0.127802E-01  0.100000E+03  0.100000E+03  0.247205E+01  0.729456E+00  0.676800E+01
 calculate Rp and Rd ...
 calculate matrix A ...
 done!
 奇异值分解 l =            0
 deltam = 
  -1.6582197318807798E-003   1.4771433688189868E-003   4.2173109077064316E-007   1.4646836271750250E-008  -1.1740914002220956E-002  -2.1331364252296027E-003   3.4280436828786424E-013
 error:
0.433240E-04
 iteration =            9
 lambda =    3.9062500000000000E-002
 calculate dB/dt in time domain ...
 calculate Jacobi matrix ...
 deltadobs:
  0.486549E-01 -0.412563E-03  0.607981E-03  0.921430E-03  0.106649E-02  0.115911E-02  0.108195E-02  0.100902E-02  0.931273E-03  0.859020E-03  0.776130E-03  0.708984E-03  0.656233E-03  0.603998E-03  0.546111E-03  0.497271E-03  0.456785E-03  0.437850E-03  0.402676E-03  0.372306E-03  0.344890E-03  0.324141E-03  0.278675E-03  0.278866E-03  0.254855E-03  0.242859E-03  0.226078E-03  0.212948E-03  0.194881E-03  0.181613E-03  0.173032E-03  0.160113E-03  0.150494E-03  0.143549E-03  0.130120E-03  0.124343E-03  0.120052E-03  0.114762E-03  0.109063E-03  0.103425E-03  0.103068E-03  0.994651E-04  0.949529E-04  0.901220E-04  0.850334E-04  0.809064E-04  0.764072E-04  0.709880E-04  0.667045E-04  0.656761E-04  0.614162E-04  0.603625E-04  0.566951E-04  0.534196E-04  0.513303E-04  0.479813E-04
 done!
  0.338685E+00  0.127991E-01  0.100000E+03  0.100000E+03  0.244320E+01  0.727902E+00  0.676800E+01
 calculate Rp and Rd ...
 calculate matrix A ...
 done!
 奇异值分解 l =            0
 deltam = 
  -3.2165195180804572E-003   2.9369892907648099E-003   8.5346270616375475E-007   2.9409683936402029E-008  -2.3736420257976513E-002  -4.3172673170637247E-003  -4.2281710311515658E-013
 error:
0.424831E-04
 iteration =           10
 lambda =    1.9531250000000000E-002
 calculate dB/dt in time domain ...
 calculate Jacobi matrix ...
 deltadobs:
  0.476343E-01 -0.779855E-03  0.458455E-03  0.853459E-03  0.103304E-02  0.114179E-02  0.107263E-02  0.100392E-02  0.928473E-03  0.857479E-03  0.775301E-03  0.708602E-03  0.656097E-03  0.603983E-03  0.546159E-03  0.497364E-03  0.456908E-03  0.437979E-03  0.402797E-03  0.372413E-03  0.344987E-03  0.324231E-03  0.278760E-03  0.278943E-03  0.254923E-03  0.242918E-03  0.226128E-03  0.212992E-03  0.194919E-03  0.181647E-03  0.173062E-03  0.160141E-03  0.150519E-03  0.143571E-03  0.130139E-03  0.124360E-03  0.120067E-03  0.114775E-03  0.109074E-03  0.103434E-03  0.103076E-03  0.994721E-04  0.949590E-04  0.901273E-04  0.850382E-04  0.809108E-04  0.764112E-04  0.709916E-04  0.667077E-04  0.656788E-04  0.614186E-04  0.603646E-04  0.566970E-04  0.534214E-04  0.513320E-04  0.479829E-04
 done!
  0.337597E+00  0.128367E-01  0.100000E+03  0.100000E+03  0.238589E+01  0.724766E+00  0.676800E+01
 calculate Rp and Rd ...
 calculate matrix A ...
 done!
 奇异值分解 l =            0
 deltam = 
  -6.0326595829602462E-003   5.7673474514207818E-003   1.7383244678311537E-006   5.7794195855165357E-008  -4.8166082149447571E-002  -8.7855690593087662E-003   2.5536039270785544E-012
 error:
0.407284E-04
 iteration =           11
 lambda =    9.7656250000000000E-003
 calculate dB/dt in time domain ...
 calculate Jacobi matrix ...
 deltadobs:
  0.453516E-01 -0.156400E-02  0.146921E-03  0.714529E-03  0.965795E-03  0.110753E-02  0.105449E-02  0.994148E-03  0.923241E-03  0.854677E-03  0.773849E-03  0.707999E-03  0.655950E-03  0.604047E-03  0.546322E-03  0.497601E-03  0.457195E-03  0.438271E-03  0.403065E-03  0.372647E-03  0.345196E-03  0.324423E-03  0.278937E-03  0.279104E-03  0.255064E-03  0.243039E-03  0.226231E-03  0.213082E-03  0.194998E-03  0.181715E-03  0.173124E-03  0.160196E-03  0.150568E-03  0.143615E-03  0.130178E-03  0.124395E-03  0.120097E-03  0.114802E-03  0.109096E-03  0.103453E-03  0.103093E-03  0.994860E-04  0.949710E-04  0.901378E-04  0.850478E-04  0.809196E-04  0.764193E-04  0.709989E-04  0.667140E-04  0.656842E-04  0.614232E-04  0.603688E-04  0.567008E-04  0.534250E-04  0.513353E-04  0.479861E-04
 done!
  0.335566E+00  0.129110E-01  0.100000E+03  0.100000E+03  0.227369E+01  0.718427E+00  0.676800E+01
 calculate Rp and Rd ...
 calculate matrix A ...
 done!
 奇异值分解 l =            0
 deltam = 
  -1.0467499208130114E-002   1.0819891973127127E-002   3.5025582317641604E-006   1.0933786842238455E-007  -9.6150814457093836E-002  -1.7690697392008004E-002  -1.6340266929779624E-012
 error:
0.369584E-04
 iteration =           12
 lambda =    4.8828125000000000E-003
 calculate dB/dt in time domain ...
 calculate Jacobi matrix ...
 deltadobs:
  0.398814E-01 -0.328378E-02 -0.503272E-03  0.435697E-03  0.835385E-03  0.104332E-02  0.102164E-02  0.977122E-03  0.914656E-03  0.850403E-03  0.771873E-03  0.707475E-03  0.656159E-03  0.604533E-03  0.546902E-03  0.498262E-03  0.457905E-03  0.438958E-03  0.403675E-03  0.373169E-03  0.345655E-03  0.324835E-03  0.279310E-03  0.279439E-03  0.255354E-03  0.243286E-03  0.226442E-03  0.213264E-03  0.195156E-03  0.181853E-03  0.173245E-03  0.160305E-03  0.150664E-03  0.143701E-03  0.130255E-03  0.124464E-03  0.120158E-03  0.114855E-03  0.109139E-03  0.103489E-03  0.103123E-03  0.995121E-04  0.949934E-04  0.901577E-04  0.850661E-04  0.809365E-04  0.764348E-04  0.710128E-04  0.667261E-04  0.656943E-04  0.614320E-04  0.603765E-04  0.567079E-04  0.534317E-04  0.513417E-04  0.479922E-04
 done!
  0.332072E+00  0.130514E-01  0.100001E+03  0.100000E+03  0.206526E+01  0.705829E+00  0.676800E+01
 calculate Rp and Rd ...
 calculate matrix A ...
 done!
 奇异值分解 l =            0
 deltam = 
  -1.4786327318141376E-002   1.7312171562264819E-002   6.2712032455338078E-006   1.6291336716848455E-007 -0.16756730054390728       -3.1973252286819472E-002   7.1181449718815499E-012
 error:
0.287711E-04
 iteration =           13
 lambda =    2.4414062500000000E-003
 calculate dB/dt in time domain ...
 calculate Jacobi matrix ...
 deltadobs:
  0.270618E-01 -0.674185E-02 -0.169294E-02 -0.370022E-04  0.629226E-03  0.949102E-03  0.977280E-03  0.956364E-03  0.906119E-03  0.847394E-03  0.771460E-03  0.708733E-03  0.658106E-03  0.606501E-03  0.548706E-03  0.499984E-03  0.459556E-03  0.440460E-03  0.404963E-03  0.374250E-03  0.346584E-03  0.325642E-03  0.280017E-03  0.280058E-03  0.255884E-03  0.243737E-03  0.226825E-03  0.213595E-03  0.195439E-03  0.182090E-03  0.173451E-03  0.160488E-03  0.150828E-03  0.143847E-03  0.130389E-03  0.124585E-03  0.120266E-03  0.114946E-03  0.109213E-03  0.103549E-03  0.103172E-03  0.995529E-04  0.950282E-04  0.901889E-04  0.850956E-04  0.809644E-04  0.764607E-04  0.710362E-04  0.667460E-04  0.657105E-04  0.614455E-04  0.603885E-04  0.567190E-04  0.534422E-04  0.513521E-04  0.480025E-04
 done!
  0.327198E+00  0.132794E-01  0.100001E+03  0.100000E+03  0.174663E+01  0.683618E+00  0.676800E+01
 calculate Rp and Rd ...
 calculate matrix A ...
 done!
 奇异值分解 l =            0
 deltam = 
  -1.1258764820417813E-002   2.3316015075402711E-002   7.2693271497811788E-006   5.7633011660426127E-008 -0.16340410001103400       -4.0510020507372048E-002   9.1332199268419617E-012
 error:
0.140978E-04
 iteration =           14
 lambda =    1.2207031250000000E-003
 calculate dB/dt in time domain ...
 calculate Jacobi matrix ...
 deltadobs:
  0.993278E-02 -0.104246E-01 -0.275424E-02 -0.389031E-03  0.506610E-03  0.910023E-03  0.969262E-03  0.959565E-03  0.914133E-03  0.855781E-03  0.778975E-03  0.715668E-03  0.664206E-03  0.611516E-03  0.552781E-03  0.503408E-03  0.462478E-03  0.442936E-03  0.407013E-03  0.375940E-03  0.348001E-03  0.326823E-03  0.281003E-03  0.280895E-03  0.256588E-03  0.244332E-03  0.227335E-03  0.214032E-03  0.195805E-03  0.182389E-03  0.173701E-03  0.160705E-03  0.151021E-03  0.144022E-03  0.130551E-03  0.124733E-03  0.120397E-03  0.115057E-03  0.109300E-03  0.103617E-03  0.103227E-03  0.995978E-04  0.950666E-04  0.902238E-04  0.851294E-04  0.809967E-04  0.764907E-04  0.710628E-04  0.667684E-04  0.657283E-04  0.614601E-04  0.604010E-04  0.567303E-04  0.534532E-04  0.513631E-04  0.480136E-04
 done!
  0.323535E+00  0.135926E-01  0.100002E+03  0.100000E+03  0.148332E+01  0.656478E+00  0.676800E+01
 calculate Rp and Rd ...
 calculate matrix A ...
 done!
 奇异值分解 l =            0
 deltam = 
  -5.9303463186510851E-004   5.1807947708792206E-002   7.0686183631791036E-006  -2.3291783208964673E-007  -5.0427295165887315E-002  -5.1229155312412865E-002  -3.3395681375513332E-011
 error:
0.399545E-05
 iteration =           15
 lambda =    6.1035156250000000E-004
 calculate dB/dt in time domain ...
 calculate Jacobi matrix ...
 deltadobs:
  0.379413E-02 -0.106241E-01 -0.245098E-02 -0.120952E-03  0.698026E-03  0.104251E-02  0.106117E-02  0.102387E-02  0.960662E-03  0.889549E-03  0.803803E-03  0.734372E-03  0.678510E-03  0.622496E-03  0.561309E-03  0.510101E-03  0.467767E-03  0.447170E-03  0.410428E-03  0.378726E-03  0.350282E-03  0.328673E-03  0.282502E-03  0.282126E-03  0.257611E-03  0.245194E-03  0.228068E-03  0.214653E-03  0.196322E-03  0.182813E-03  0.174053E-03  0.161002E-03  0.151276E-03  0.144246E-03  0.130750E-03  0.124909E-03  0.120551E-03  0.115187E-03  0.109408E-03  0.103706E-03  0.103301E-03  0.996606E-04  0.951213E-04  0.902725E-04  0.851736E-04  0.810367E-04  0.765261E-04  0.710936E-04  0.667946E-04  0.657502E-04  0.614785E-04  0.604166E-04  0.567439E-04  0.534654E-04  0.513742E-04  0.480239E-04
 done!
  0.323343E+00  0.143154E-01  0.100003E+03  0.100000E+03  0.141038E+01  0.623694E+00  0.676800E+01
 calculate Rp and Rd ...
 calculate matrix A ...
 done!
 奇异值分解 l =            0
 deltam = 
   4.2102178964199769E-003   8.8211436944830607E-002   1.1069516208703179E-005  -5.1614155724124493E-007  -1.7725306956564435E-002  -7.7987129442134484E-002  -1.0051046584866766E-011
 error:
0.255447E-05
 iteration =           16
 lambda =    3.0517578125000000E-004
 calculate dB/dt in time domain ...
 calculate Jacobi matrix ...
 deltadobs:
  0.277579E-02 -0.894599E-02 -0.139693E-02  0.488478E-03  0.106187E-02  0.126897E-02  0.120772E-02  0.112148E-02  0.102823E-02  0.937187E-03  0.838107E-03  0.759529E-03  0.697326E-03  0.636772E-03  0.572311E-03  0.518617E-03  0.474378E-03  0.452392E-03  0.414617E-03  0.382138E-03  0.353060E-03  0.330909E-03  0.284297E-03  0.283587E-03  0.258821E-03  0.246214E-03  0.228936E-03  0.215385E-03  0.196932E-03  0.183314E-03  0.174466E-03  0.161346E-03  0.151569E-03  0.144501E-03  0.130975E-03  0.125106E-03  0.120720E-03  0.115331E-03  0.109530E-03  0.103809E-03  0.103387E-03  0.997343E-04  0.951859E-04  0.903297E-04  0.852247E-04  0.810819E-04  0.765655E-04  0.711275E-04  0.668236E-04  0.657750E-04  0.614995E-04  0.604342E-04  0.567590E-04  0.534785E-04  0.513858E-04  0.480341E-04
 done!
  0.324707E+00  0.156355E-01  0.100004E+03  0.100000E+03  0.138560E+01  0.576903E+00  0.676800E+01
 calculate Rp and Rd ...
 calculate matrix A ...
 done!
 奇异值分解 l =            0
 deltam = 
   5.5125308157345700E-003  0.10893759228700003        1.7217513109173573E-005  -9.5629783818451834E-007  -3.1708315323854874E-002  -9.9424444982141688E-002  -5.3498680193946114E-011
 error:
0.181783E-05
 iteration =           17
 lambda =    1.5258789062500000E-004
 calculate dB/dt in time domain ...
 calculate Jacobi matrix ...
 deltadobs:
  0.266193E-02 -0.671145E-02 -0.184332E-03  0.113549E-02  0.142868E-02  0.148851E-02  0.134576E-02  0.121128E-02  0.108910E-02  0.979465E-03  0.868216E-03  0.781260E-03  0.713377E-03  0.648880E-03  0.581617E-03  0.525754E-03  0.479843E-03  0.456672E-03  0.418048E-03  0.384942E-03  0.355340E-03  0.332728E-03  0.285741E-03  0.284752E-03  0.259785E-03  0.247029E-03  0.229635E-03  0.215974E-03  0.197420E-03  0.183712E-03  0.174790E-03  0.161614E-03  0.151796E-03  0.144698E-03  0.131149E-03  0.125259E-03  0.120852E-03  0.115444E-03  0.109625E-03  0.103889E-03  0.103455E-03  0.997922E-04  0.952367E-04  0.903747E-04  0.852647E-04  0.811172E-04  0.765960E-04  0.711536E-04  0.668460E-04  0.657943E-04  0.615158E-04  0.604478E-04  0.567704E-04  0.534882E-04  0.513941E-04  0.480412E-04
 done!
  0.326502E+00  0.174351E-01  0.100006E+03  0.999999E+02  0.134235E+01  0.522304E+00  0.676800E+01
 calculate Rp and Rd ...
 calculate matrix A ...
 done!
 奇异值分解 l =            0
 deltam = 
   3.7195767507719663E-003  0.10412797778101723        2.1419936769586987E-005  -1.8947458010012361E-006  -6.0383282247185109E-002 -0.10098634416121433       -1.6257409480312704E-010
 error:
0.121033E-05
 iteration =           18
 lambda =    7.6293945312500000E-005
 calculate dB/dt in time domain ...
 calculate Jacobi matrix ...
 deltadobs:
  0.250194E-02 -0.465708E-02  0.820594E-03  0.163564E-02  0.169973E-02  0.164495E-02  0.144162E-02  0.127233E-02  0.112961E-02  0.100724E-02  0.887842E-03  0.795169E-03  0.723512E-03  0.656508E-03  0.587489E-03  0.530210E-03  0.483193E-03  0.459269E-03  0.420137E-03  0.386667E-03  0.356742E-03  0.333835E-03  0.286605E-03  0.285439E-03  0.260355E-03  0.247516E-03  0.230057E-03  0.216331E-03  0.197715E-03  0.183950E-03  0.174981E-03  0.161768E-03  0.151927E-03  0.144812E-03  0.131250E-03  0.125348E-03  0.120929E-03  0.115510E-03  0.109682E-03  0.103937E-03  0.103495E-03  0.998262E-04  0.952666E-04  0.904012E-04  0.852881E-04  0.811378E-04  0.766138E-04  0.711688E-04  0.668591E-04  0.658056E-04  0.615254E-04  0.604557E-04  0.567768E-04  0.534935E-04  0.513984E-04  0.480448E-04
 done!
  0.327719E+00  0.193484E-01  0.100008E+03  0.999997E+02  0.126369E+01  0.472134E+00  0.676800E+01
 calculate Rp and Rd ...
 calculate matrix A ...
 done!
 奇异值分解 l =            0
 deltam = 
  -6.9654057921661580E-004   7.7729633376547466E-002   1.5205348856550597E-005  -4.3302833533106272E-006  -8.2015195308835054E-002  -8.1715555056259076E-002  -6.6346256921162985E-010
 error:
0.850530E-06
 iteration =           19
 lambda =    3.8146972656250000E-005
 calculate dB/dt in time domain ...
 calculate Jacobi matrix ...
 deltadobs:
  0.188947E-02 -0.320688E-02  0.147694E-02  0.194401E-02  0.186101E-02  0.173524E-02  0.149582E-02  0.130631E-02  0.115168E-02  0.102226E-02  0.898434E-03  0.802512E-03  0.728785E-03  0.660496E-03  0.590588E-03  0.532532E-03  0.484892E-03  0.460571E-03  0.421196E-03  0.387560E-03  0.357473E-03  0.334402E-03  0.287035E-03  0.285775E-03  0.260633E-03  0.247759E-03  0.230273E-03  0.216516E-03  0.197867E-03  0.184070E-03  0.175074E-03  0.161842E-03  0.151988E-03  0.144866E-03  0.131299E-03  0.125392E-03  0.120968E-03  0.115544E-03  0.109710E-03  0.103961E-03  0.103515E-03  0.998428E-04  0.952811E-04  0.904140E-04  0.852995E-04  0.811479E-04  0.766226E-04  0.711764E-04  0.668657E-04  0.658114E-04  0.615302E-04  0.604595E-04  0.567798E-04  0.534959E-04  0.514003E-04  0.480463E-04
 done!
  0.327491E+00  0.209124E-01  0.100009E+03  0.999993E+02  0.116419E+01  0.435087E+00  0.676800E+01
 calculate Rp and Rd ...
 calculate matrix A ...
 done!
 奇异值分解 l =            0
 deltam = 
  -4.6038907346626027E-003   4.8199407648759865E-002  -1.3890351481035019E-005  -1.0529932284137070E-005  -7.9688321689939820E-002  -5.4998806822724948E-002  -1.9297748416995878E-009
 error:
0.668053E-06
 iteration =           20
 lambda =    1.9073486328125000E-005
 calculate dB/dt in time domain ...
 calculate Jacobi matrix ...
 deltadobs:
  0.106995E-02 -0.233835E-02  0.185062E-02  0.211251E-02  0.194707E-02  0.178233E-02  0.152370E-02  0.132366E-02  0.116271E-02  0.102975E-02  0.903746E-03  0.806102E-03  0.731322E-03  0.662439E-03  0.592126E-03  0.533669E-03  0.485695E-03  0.461176E-03  0.421697E-03  0.387998E-03  0.357835E-03  0.334679E-03  0.287237E-03  0.285928E-03  0.260760E-03  0.247873E-03  0.230377E-03  0.216607E-03  0.197941E-03  0.184127E-03  0.175117E-03  0.161874E-03  0.152015E-03  0.144889E-03  0.131322E-03  0.125413E-03  0.120987E-03  0.115560E-03  0.109724E-03  0.103972E-03  0.103524E-03  0.998504E-04  0.952877E-04  0.904198E-04  0.853048E-04  0.811526E-04  0.766268E-04  0.711801E-04  0.668689E-04  0.658141E-04  0.615325E-04  0.604613E-04  0.567812E-04  0.534969E-04  0.514011E-04  0.480469E-04
 done!
  0.325987E+00  0.219450E-01  0.100008E+03  0.999982E+02  0.107502E+01  0.411804E+00  0.676800E+01
 calculate Rp and Rd ...
 calculate matrix A ...
 done!
 奇异值分解 l =            0
 deltam = 
  -6.8133316292042171E-003   2.7664674839214157E-002  -8.2918176193150749E-005  -2.4673695710692163E-005  -5.8204708953162862E-002  -3.1688531766074571E-002  -4.2917037775423487E-009
 error:
0.585503E-06
 iteration =           21
 lambda =    9.5367431640625000E-006
 calculate dB/dt in time domain ...
 calculate Jacobi matrix ...
 deltadobs:
  0.476082E-03 -0.185715E-02  0.204986E-02  0.219986E-02  0.199097E-02  0.180598E-02  0.153758E-02  0.133228E-02  0.116808E-02  0.103341E-02  0.906364E-03  0.807827E-03  0.732520E-03  0.663373E-03  0.592881E-03  0.534221E-03  0.486071E-03  0.461455E-03  0.421933E-03  0.388211E-03  0.358013E-03  0.334813E-03  0.287332E-03  0.285997E-03  0.260817E-03  0.247925E-03  0.230428E-03  0.216652E-03  0.197978E-03  0.184154E-03  0.175137E-03  0.161888E-03  0.152026E-03  0.144900E-03  0.131332E-03  0.125423E-03  0.120996E-03  0.115568E-03  0.109731E-03  0.103978E-03  0.103528E-03  0.998538E-04  0.952906E-04  0.904224E-04  0.853071E-04  0.811548E-04  0.766288E-04  0.711818E-04  0.668704E-04  0.658155E-04  0.615336E-04  0.604621E-04  0.567818E-04  0.534974E-04  0.514014E-04  0.480471E-04
 done!
  0.323773E+00  0.225606E-01  0.999996E+02  0.999957E+02  0.101423E+01  0.398959E+00  0.676800E+01
 calculate Rp and Rd ...
 calculate matrix A ...
 done!
 奇异值分解 l =            0
 deltam = 
  -9.4346508449811052E-003   1.6341810529810617E-002  -2.1993489202917801E-004  -5.4528586451789464E-005  -3.2182317023991172E-002  -1.3426186866321382E-002  -3.7851145938968296E-009
 error:
0.560029E-06
 iteration =           22
 lambda =    4.7683715820312500E-006
 calculate dB/dt in time domain ...
 calculate Jacobi matrix ...
 deltadobs:
  0.184829E-03 -0.162254E-02  0.214409E-02  0.224045E-02  0.201113E-02  0.181673E-02  0.154386E-02  0.133618E-02  0.117046E-02  0.103504E-02  0.907545E-03  0.808590E-03  0.733043E-03  0.663786E-03  0.593221E-03  0.534467E-03  0.486235E-03  0.461574E-03  0.422035E-03  0.388306E-03  0.358094E-03  0.334873E-03  0.287373E-03  0.286026E-03  0.260841E-03  0.247948E-03  0.230450E-03  0.216672E-03  0.197994E-03  0.184166E-03  0.175145E-03  0.161894E-03  0.152031E-03  0.144904E-03  0.131337E-03  0.125428E-03  0.121001E-03  0.115572E-03  0.109734E-03  0.103980E-03  0.103530E-03  0.998552E-04  0.952918E-04  0.904234E-04  0.853081E-04  0.811558E-04  0.766296E-04  0.711826E-04  0.668711E-04  0.658161E-04  0.615341E-04  0.604625E-04  0.567821E-04  0.534976E-04  0.514015E-04  0.480472E-04
 done!
  0.320733E+00  0.229323E-01  0.999776E+02  0.999903E+02  0.982110E+00  0.393639E+00  0.676800E+01
 calculate Rp and Rd ...
 calculate matrix A ...
 done!
 奇异值分解 l =            0
 deltam = 
  -1.5555442533271747E-002   1.3033997432868533E-002  -4.7760588765963523E-004  -1.1430036910635716E-004  -1.2690085795365933E-002   1.6121320851149318E-004   2.6559049158799890E-008
 error:
0.555224E-06
 iteration =           23
 lambda =    2.3841857910156250E-006
 calculate dB/dt in time domain ...
 calculate Jacobi matrix ...
 deltadobs:
  0.902006E-04 -0.153228E-02  0.217910E-02  0.225537E-02  0.201843E-02  0.182059E-02  0.154609E-02  0.133758E-02  0.117130E-02  0.103562E-02  0.907968E-03  0.808857E-03  0.733223E-03  0.663930E-03  0.593343E-03  0.534555E-03  0.486291E-03  0.461614E-03  0.422070E-03  0.388340E-03  0.358123E-03  0.334894E-03  0.287387E-03  0.286035E-03  0.260849E-03  0.247956E-03  0.230458E-03  0.216679E-03  0.198000E-03  0.184170E-03  0.175148E-03  0.161896E-03  0.152033E-03  0.144906E-03  0.131338E-03  0.125429E-03  0.121002E-03  0.115573E-03  0.109735E-03  0.103981E-03  0.103530E-03  0.998557E-04  0.952921E-04  0.904238E-04  0.853085E-04  0.811561E-04  0.766299E-04  0.711829E-04  0.668713E-04  0.658163E-04  0.615342E-04  0.604626E-04  0.567821E-04  0.534976E-04  0.514016E-04  0.480473E-04
 done!
  0.315782E+00  0.232332E-01  0.999298E+02  0.999789E+02  0.969726E+00  0.393702E+00  0.676800E+01
 calculate Rp and Rd ...
 calculate matrix A ...
 done!
 奇异值分解 l =            0
 deltam = 
  -2.9616663578182441E-002   1.8102308468114881E-002  -9.7200237506867102E-004  -2.3253650998645648E-004  -3.2515601614301871E-003   1.1241972812769443E-002   2.0772264847931070E-007
 error:
0.554635E-06
 iteration =           24
 lambda =    1.1920928955078125E-006
 calculate dB/dt in time domain ...
 calculate Jacobi matrix ...
 deltadobs:
  0.661669E-04 -0.150794E-02  0.218736E-02  0.225883E-02  0.201996E-02  0.182139E-02  0.154652E-02  0.133788E-02  0.117145E-02  0.103572E-02  0.908056E-03  0.808905E-03  0.733249E-03  0.663955E-03  0.593368E-03  0.534573E-03  0.486299E-03  0.461618E-03  0.422075E-03  0.388347E-03  0.358130E-03  0.334899E-03  0.287390E-03  0.286036E-03  0.260850E-03  0.247957E-03  0.230460E-03  0.216681E-03  0.198002E-03  0.184171E-03  0.175148E-03  0.161896E-03  0.152033E-03  0.144906E-03  0.131339E-03  0.125430E-03  0.121002E-03  0.115574E-03  0.109736E-03  0.103981E-03  0.103531E-03  0.998557E-04  0.952922E-04  0.904238E-04  0.853085E-04  0.811561E-04  0.766300E-04  0.711830E-04  0.668714E-04  0.658163E-04  0.615343E-04  0.604626E-04  0.567822E-04  0.534976E-04  0.514016E-04  0.480473E-04
 done!
  0.306567E+00  0.236576E-01  0.998328E+02  0.999556E+02  0.966578E+00  0.398153E+00  0.676800E+01
 calculate Rp and Rd ...
 calculate matrix A ...
 done!
 奇异值分解 l =            0
 deltam = 
  -6.0041773363471482E-002   3.4214196118295799E-002  -1.9446760773991344E-003  -4.6592675828376659E-004   2.1480991493975834E-004   2.5417761206400411E-002   1.0341658453687834E-006
 error:
0.554386E-06
 iteration =           25
 lambda =    5.9604644775390625E-007
 calculate dB/dt in time domain ...
 calculate Jacobi matrix ...
 deltadobs:
  0.332945E-04 -0.150779E-02  0.218520E-02  0.225789E-02  0.201914E-02  0.182091E-02  0.154617E-02  0.133773E-02  0.117128E-02  0.103562E-02  0.908009E-03  0.808855E-03  0.733202E-03  0.663926E-03  0.593354E-03  0.534561E-03  0.486285E-03  0.461605E-03  0.422066E-03  0.388342E-03  0.358128E-03  0.334896E-03  0.287386E-03  0.286033E-03  0.260847E-03  0.247955E-03  0.230459E-03  0.216680E-03  0.198001E-03  0.184170E-03  0.175147E-03  0.161895E-03  0.152032E-03  0.144905E-03  0.131338E-03  0.125430E-03  0.121002E-03  0.115574E-03  0.109735E-03  0.103981E-03  0.103530E-03  0.998555E-04  0.952920E-04  0.904236E-04  0.853084E-04  0.811561E-04  0.766300E-04  0.711829E-04  0.668714E-04  0.658163E-04  0.615342E-04  0.604626E-04  0.567821E-04  0.534976E-04  0.514016E-04  0.480473E-04
 done!
  0.288702E+00  0.244810E-01  0.996388E+02  0.999090E+02  0.966786E+00  0.408403E+00  0.676801E+01
 calculate Rp and Rd ...
 calculate matrix A ...
 done!
 奇异值分解 l =            0
 deltam = 
 -0.12671842278777729        7.0181252408914221E-002  -3.8770750089046953E-003  -9.2846631348389452E-004   3.7518828025331920E-003   5.0845075408587986E-002   4.5541520037231781E-006
 error:
0.553941E-06
 iteration =           26
 lambda =    2.9802322387695312E-007
 calculate dB/dt in time domain ...
 calculate Jacobi matrix ...
 deltadobs:
 -0.134150E-03 -0.153166E-02  0.217256E-02  0.225275E-02  0.201585E-02  0.181909E-02  0.154494E-02  0.133715E-02  0.117075E-02  0.103527E-02  0.907831E-03  0.808694E-03  0.733060E-03  0.663833E-03  0.593304E-03  0.534521E-03  0.486243E-03  0.461567E-03  0.422039E-03  0.388327E-03  0.358119E-03  0.334887E-03  0.287376E-03  0.286022E-03  0.260838E-03  0.247948E-03  0.230455E-03  0.216678E-03  0.197999E-03  0.184168E-03  0.175145E-03  0.161892E-03  0.152029E-03  0.144904E-03  0.131337E-03  0.125429E-03  0.121002E-03  0.115574E-03  0.109735E-03  0.103980E-03  0.103530E-03  0.998549E-04  0.952913E-04  0.904231E-04  0.853081E-04  0.811559E-04  0.766299E-04  0.711829E-04  0.668713E-04  0.658162E-04  0.615341E-04  0.604624E-04  0.567820E-04  0.534975E-04  0.514015E-04  0.480473E-04
 done!
  0.254341E+00  0.262608E-01  0.992532E+02  0.998163E+02  0.970420E+00  0.429705E+00  0.676804E+01
 calculate Rp and Rd ...
 calculate matrix A ...
 done!
 奇异值分解 l =            0
 deltam = 
 -0.28682211055480339       0.15239275934796120       -7.6813044656766699E-003  -1.8322798326700924E-003   2.0006391326560086E-002   9.7451349983741817E-002   1.8857021576487724E-005
 error:
0.553634E-06
 iteration =           27
 lambda =    1.4901161193847656E-007
 calculate dB/dt in time domain ...
 calculate Jacobi matrix ...
 deltadobs:
 -0.141939E-02 -0.170746E-02  0.210873E-02  0.222811E-02  0.200228E-02  0.181168E-02  0.154024E-02  0.133483E-02  0.116877E-02  0.103400E-02  0.907151E-03  0.808104E-03  0.732552E-03  0.663494E-03  0.593113E-03  0.534372E-03  0.486092E-03  0.461434E-03  0.421944E-03  0.388273E-03  0.358086E-03  0.334855E-03  0.287339E-03  0.285985E-03  0.260806E-03  0.247926E-03  0.230442E-03  0.216670E-03  0.197992E-03  0.184158E-03  0.175134E-03  0.161882E-03  0.152021E-03  0.144898E-03  0.131334E-03  0.125428E-03  0.121003E-03  0.115574E-03  0.109734E-03  0.103979E-03  0.103527E-03  0.998523E-04  0.952889E-04  0.904212E-04  0.853068E-04  0.811552E-04  0.766295E-04  0.711827E-04  0.668711E-04  0.658158E-04  0.615336E-04  0.604619E-04  0.567816E-04  0.534972E-04  0.514013E-04  0.480473E-04
 done!
  0.190920E+00  0.305838E-01  0.984938E+02  0.996336E+02  0.990030E+00  0.473689E+00  0.676817E+01
 calculate Rp and Rd ...
 calculate matrix A ...
 done!
 奇异值分解 l =            0
 deltam = 
 -0.77571049032355566       0.40130262855484278       -1.4986515227812528E-002  -3.5159616896349886E-003  0.15986045161558166       0.14362285176188547        7.4583058106871623E-005
 error:
0.590576E-06
 iteration =           28
 lambda =    2.9802322387695312E-007
 calculate dB/dt in time domain ...
 calculate Jacobi matrix ...
 deltadobs:
 -0.267667E-01 -0.512600E-02  0.110601E-02  0.183708E-02  0.181672E-02  0.171126E-02  0.148249E-02  0.130230E-02  0.114507E-02  0.101886E-02  0.898027E-03  0.800817E-03  0.726775E-03  0.659542E-03  0.590651E-03  0.532471E-03  0.484334E-03  0.459960E-03  0.420867E-03  0.387606E-03  0.357646E-03  0.334444E-03  0.286904E-03  0.285574E-03  0.260461E-03  0.247676E-03  0.230285E-03  0.216564E-03  0.197893E-03  0.184037E-03  0.175005E-03  0.161763E-03  0.151926E-03  0.144834E-03  0.131305E-03  0.125423E-03  0.121007E-03  0.115575E-03  0.109722E-03  0.103956E-03  0.103499E-03  0.998214E-04  0.952605E-04  0.903985E-04  0.852924E-04  0.811475E-04  0.766261E-04  0.711810E-04  0.668686E-04  0.658110E-04  0.615276E-04  0.604557E-04  0.567762E-04  0.534934E-04  0.513996E-04  0.480477E-04
 done!
  0.878951E-01  0.456852E-01  0.970287E+02  0.992839E+02  0.116165E+01  0.546850E+00  0.676867E+01
 calculate Rp and Rd ...
 calculate matrix A ...
 done!
 奇异值分解 l =            0
 deltam = 
  -1.0281511087942206        2.6612767991226969       -2.8042719603432843E-002  -4.9267293859336890E-003   2.2189118371404066      -0.44164581860265573        2.3599095308644711E-004
 error:
0.136536E-04
 iteration =           29
 lambda =    5.9604644775390625E-007
 calculate dB/dt in time domain ...
 calculate Jacobi matrix ...
 deltadobs:
 -0.264778E+00 -0.463340E-01 -0.140910E-01 -0.569988E-02 -0.249228E-02 -0.102117E-02 -0.355891E-03  0.517087E-06  0.186273E-03  0.296725E-03  0.341467E-03  0.359349E-03  0.372506E-03  0.373043E-03  0.356555E-03  0.337611E-03  0.319938E-03  0.320910E-03  0.303005E-03  0.287427E-03  0.271673E-03  0.259695E-03  0.221461E-03  0.228258E-03  0.210265E-03  0.203745E-03  0.191812E-03  0.182678E-03  0.167818E-03  0.157160E-03  0.151008E-03  0.140382E-03  0.132912E-03  0.127955E-03  0.116348E-03  0.112135E-03  0.109147E-03  0.104915E-03  0.100075E-03  0.952236E-04  0.956018E-04  0.926889E-04  0.888318E-04  0.846216E-04  0.801180E-04  0.765115E-04  0.724660E-04  0.674375E-04  0.634852E-04  0.627417E-04  0.587475E-04  0.579423E-04  0.545085E-04  0.514516E-04  0.495648E-04  0.464020E-04
 done!
  0.314372E-01  0.653963E+00  0.943455E+02  0.987960E+02  0.106841E+02  0.351612E+00  0.677027E+01
 calculate Rp and Rd ...
 calculate matrix A ...
 done!
 奇异值分解 l =            0
 deltam = 
  0.58793666818070989        8.5021948214038842E-004   4.0429444278148845E-005   1.6487163452596864E-006 -0.57032996032468863       -7.9474379359227858E-004  -2.1465493503972361E-007
 error:
0.129455E-02
 iteration =           30
 lambda =    1.1920928955078125E-006
 calculate dB/dt in time domain ...
 calculate Jacobi matrix ...
 deltadobs:
 -0.801502E-01 -0.159757E-01 -0.353210E-02 -0.691773E-03  0.261033E-03  0.676167E-03  0.762084E-03  0.784366E-03  0.758967E-03  0.728034E-03  0.675470E-03  0.625978E-03  0.588257E-03  0.549524E-03  0.502599E-03  0.460794E-03  0.425254E-03  0.411170E-03  0.380583E-03  0.354306E-03  0.329883E-03  0.311032E-03  0.267019E-03  0.268656E-03  0.246074E-03  0.235452E-03  0.219896E-03  0.207688E-03  0.190257E-03  0.177424E-03  0.169274E-03  0.156798E-03  0.147629E-03  0.141120E-03  0.128101E-03  0.122652E-03  0.118601E-03  0.113473E-03  0.107873E-03  0.102327E-03  0.102064E-03  0.985577E-04  0.941482E-04  0.894221E-04  0.844379E-04  0.803998E-04  0.759714E-04  0.706064E-04  0.663618E-04  0.653619E-04  0.611302E-04  0.601046E-04  0.564663E-04  0.532204E-04  0.511596E-04  0.478375E-04
 done!
  0.565955E-01  0.654519E+00  0.943494E+02  0.987961E+02  0.604011E+01  0.351333E+00  0.677027E+01
 calculate Rp and Rd ...
 calculate matrix A ...
 done!
 奇异值分解 l =            0
 deltam = 
  0.39062982210614378        2.9895114696392934E-003   2.6725112719832829E-004   1.1598286107915610E-004 -0.55601899250593745       -3.1339683227842511E-003  -5.6992188265054558E-006
 error:
0.119617E-03
 iteration =           31
 lambda =    5.9604644775390625E-007
 calculate dB/dt in time domain ...
 calculate Jacobi matrix ...
 deltadobs:
 -0.190523E-01 -0.671629E-02 -0.127839E-03  0.111294E-02  0.138212E-02  0.144057E-02  0.130659E-02  0.118526E-02  0.106304E-02  0.961025E-03  0.856324E-03  0.769839E-03  0.703398E-03  0.641823E-03  0.577006E-03  0.521835E-03  0.475980E-03  0.453301E-03  0.415511E-03  0.383251E-03  0.354103E-03  0.331585E-03  0.284593E-03  0.283676E-03  0.258878E-03  0.246337E-03  0.229146E-03  0.215606E-03  0.197097E-03  0.183383E-03  0.174465E-03  0.161310E-03  0.151536E-03  0.144493E-03  0.131003E-03  0.125158E-03  0.120778E-03  0.115380E-03  0.109558E-03  0.103819E-03  0.103383E-03  0.997227E-04  0.951739E-04  0.903216E-04  0.852234E-04  0.810860E-04  0.765723E-04  0.711345E-04  0.668287E-04  0.657771E-04  0.614989E-04  0.604316E-04  0.567556E-04  0.534755E-04  0.513838E-04  0.480336E-04
 done!
  0.836431E-01  0.656479E+00  0.943746E+02  0.988076E+02  0.346393E+01  0.350233E+00  0.677023E+01
 calculate Rp and Rd ...
 calculate matrix A ...
 done!
 奇异值分解 l =            0
 deltam = 
  0.14421991827494793       -1.4444120600382743E-002  -2.6584294505518917E-003  -3.1405667249601445E-004  0.35081414560991064        2.4139250265312464E-002   3.1109279147103520E-005
 error:
0.755469E-05
 iteration =           32
 lambda =    2.9802322387695312E-007
 calculate dB/dt in time domain ...
 calculate Jacobi matrix ...
 deltadobs:
 -0.240970E-02 -0.392156E-02  0.583156E-03  0.130732E-02  0.142795E-02  0.143958E-02  0.129193E-02  0.116739E-02  0.104643E-02  0.946410E-03  0.843912E-03  0.759675E-03  0.695002E-03  0.634818E-03  0.571133E-03  0.516999E-03  0.472043E-03  0.450034E-03  0.412756E-03  0.380888E-03  0.352085E-03  0.329914E-03  0.283224E-03  0.282536E-03  0.257915E-03  0.245505E-03  0.228416E-03  0.214970E-03  0.196559E-03  0.182943E-03  0.174099E-03  0.160996E-03  0.151260E-03  0.144244E-03  0.130773E-03  0.124947E-03  0.120591E-03  0.115220E-03  0.109428E-03  0.103713E-03  0.103297E-03  0.996510E-04  0.951120E-04  0.902659E-04  0.851710E-04  0.810369E-04  0.765272E-04  0.710943E-04  0.667944E-04  0.657488E-04  0.614753E-04  0.604114E-04  0.567375E-04  0.534587E-04  0.513677E-04  0.480179E-04
 done!
  0.966193E-01  0.647065E+00  0.941240E+02  0.987766E+02  0.491955E+01  0.358790E+00  0.677044E+01
 calculate Rp and Rd ...
 calculate matrix A ...
 done!
 奇异值分解 l =            0
 deltam = 
   4.5477885097881992E-003  -2.7518608930717080E-002  -6.6167221848637762E-004   6.5054096084188909E-005   2.7750171683078864        2.3884636014229532E-002   1.0732299085844517E-006
 error:
0.657877E-06
 iteration =           33
 lambda =    1.4901161193847656E-007
 calculate dB/dt in time domain ...
 calculate Jacobi matrix ...
 deltadobs:
 -0.191209E-02 -0.359995E-02  0.769922E-03  0.138207E-02  0.144063E-02  0.142354E-02  0.126332E-02  0.113448E-02  0.101374E-02  0.915426E-03  0.815360E-03  0.733868E-03  0.671922E-03  0.614258E-03  0.552872E-03  0.500784E-03  0.457631E-03  0.437237E-03  0.401397E-03  0.370805E-03  0.343119E-03  0.321916E-03  0.276076E-03  0.276144E-03  0.252198E-03  0.240391E-03  0.223837E-03  0.210862E-03  0.192866E-03  0.179618E-03  0.171100E-03  0.158292E-03  0.148820E-03  0.142041E-03  0.128784E-03  0.123148E-03  0.118962E-03  0.113744E-03  0.108090E-03  0.102499E-03  0.102194E-03  0.986497E-04  0.942025E-04  0.894392E-04  0.844189E-04  0.803520E-04  0.759029E-04  0.705249E-04  0.662750E-04  0.652750E-04  0.610427E-04  0.600161E-04  0.563763E-04  0.531284E-04  0.510657E-04  0.477417E-04
 done!
  0.970597E-01  0.629501E+00  0.940618E+02  0.987830E+02  0.789042E+02  0.367463E+00  0.677045E+01
 calculate Rp and Rd ...
 calculate matrix A ...
 done!
 奇异值分解 l =            0
 deltam = 
   2.3513302478197690E-002  -1.2017343586255787E-006  -1.1038458686824433E-006   1.5811573291542579E-007  -6.4524092093491386E-008  -2.2056205096618566E-005   7.5241150431885603E-008
 error:
0.574683E-06
 iteration =           34
 lambda =    7.4505805969238281E-008
 calculate dB/dt in time domain ...
 calculate Jacobi matrix ...
 deltadobs:
  0.328138E-03 -0.325137E-02  0.889776E-03  0.143842E-02  0.147194E-02  0.144296E-02  0.127619E-02  0.114340E-02  0.102031E-02  0.920319E-03  0.819074E-03  0.736818E-03  0.674287E-03  0.616153E-03  0.554400E-03  0.502051E-03  0.458702E-03  0.438141E-03  0.402156E-03  0.371441E-03  0.343659E-03  0.322385E-03  0.276488E-03  0.276504E-03  0.252512E-03  0.240663E-03  0.224073E-03  0.211068E-03  0.193049E-03  0.179781E-03  0.171247E-03  0.158422E-03  0.148936E-03  0.142143E-03  0.128873E-03  0.123227E-03  0.119032E-03  0.113807E-03  0.108147E-03  0.102552E-03  0.102242E-03  0.986930E-04  0.942417E-04  0.894744E-04  0.844503E-04  0.803801E-04  0.759281E-04  0.705477E-04  0.662957E-04  0.652940E-04  0.610600E-04  0.600319E-04  0.563906E-04  0.531414E-04  0.510774E-04  0.477522E-04
 done!
  0.993690E-01  0.629500E+00  0.940617E+02  0.987830E+02  0.789042E+02  0.367455E+00  0.677045E+01
 calculate Rp and Rd ...
 calculate matrix A ...
 done!
 奇异值分解 l =            0
 deltam = 
   4.0038860772287848E-004  -1.8303859434094906E-005   1.3382868891283772E-005   3.7521813215358933E-006  -4.3799865790150061E-009  -1.5005542983695386E-005   1.3677974132175219E-007
 error:
0.479453E-06
 iteration =           35
 lambda =    3.7252902984619141E-008
 calculate dB/dt in time domain ...
 calculate Jacobi matrix ...
 deltadobs:
  0.365639E-03 -0.324554E-02  0.891781E-03  0.143936E-02  0.147246E-02  0.144328E-02  0.127640E-02  0.114355E-02  0.102042E-02  0.920401E-03  0.819136E-03  0.736868E-03  0.674327E-03  0.616184E-03  0.554425E-03  0.502072E-03  0.458720E-03  0.438156E-03  0.402169E-03  0.371451E-03  0.343668E-03  0.322393E-03  0.276494E-03  0.276510E-03  0.252517E-03  0.240668E-03  0.224077E-03  0.211071E-03  0.193052E-03  0.179784E-03  0.171249E-03  0.158424E-03  0.148938E-03  0.142145E-03  0.128874E-03  0.123228E-03  0.119033E-03  0.113808E-03  0.108148E-03  0.102552E-03  0.102243E-03  0.986937E-04  0.942423E-04  0.894750E-04  0.844508E-04  0.803806E-04  0.759286E-04  0.705481E-04  0.662961E-04  0.652943E-04  0.610603E-04  0.600321E-04  0.563908E-04  0.531416E-04  0.510776E-04  0.477524E-04
 done!
  0.994088E-01  0.629489E+00  0.940629E+02  0.987834E+02  0.789042E+02  0.367450E+00  0.677045E+01
 calculate Rp and Rd ...
 calculate matrix A ...
 done!
 奇异值分解 l =            0
 deltam = 
   6.8366597755705630E-008   2.0476908359236223E-005   3.6976708480469734E-006  -5.8303827854371224E-005   1.2728397230317760E-007  -9.3227146227702548E-005   1.6820938665567110E-007
 error:
0.479428E-06
 iteration =           36
 lambda =    1.8626451492309570E-008
 calculate dB/dt in time domain ...
 calculate Jacobi matrix ...
 deltadobs:
  0.365645E-03 -0.324554E-02  0.891781E-03  0.143936E-02  0.147246E-02  0.144328E-02  0.127640E-02  0.114355E-02  0.102042E-02  0.920401E-03  0.819136E-03  0.736868E-03  0.674327E-03  0.616184E-03  0.554425E-03  0.502072E-03  0.458720E-03  0.438156E-03  0.402169E-03  0.371451E-03  0.343668E-03  0.322393E-03  0.276494E-03  0.276510E-03  0.252517E-03  0.240668E-03  0.224077E-03  0.211071E-03  0.193052E-03  0.179784E-03  0.171249E-03  0.158424E-03  0.148938E-03  0.142145E-03  0.128874E-03  0.123228E-03  0.119033E-03  0.113808E-03  0.108148E-03  0.102552E-03  0.102243E-03  0.986937E-04  0.942423E-04  0.894750E-04  0.844508E-04  0.803806E-04  0.759286E-04  0.705481E-04  0.662961E-04  0.652943E-04  0.610603E-04  0.600321E-04  0.563908E-04  0.531416E-04  0.510776E-04  0.477524E-04
 done!
  0.994088E-01  0.629502E+00  0.940633E+02  0.987776E+02  0.789042E+02  0.367415E+00  0.677045E+01
 calculate Rp and Rd ...
 calculate matrix A ...
 done!
 奇异值分解 l =            0
 deltam = 
  -1.0209103914224610E-009  -5.2115653900566403E-005   2.5818675197712043E-006   1.9795144628414472E-006  -2.6102604125554580E-008  -2.9142552220283691E-005  -8.0702294302350354E-008
 error:
0.479428E-06
 iteration =           37
 lambda =    3.7252902984619141E-008
 calculate dB/dt in time domain ...
 calculate Jacobi matrix ...
 deltadobs:
  0.365645E-03 -0.324554E-02  0.891781E-03  0.143936E-02  0.147246E-02  0.144328E-02  0.127640E-02  0.114355E-02  0.102042E-02  0.920401E-03  0.819136E-03  0.736868E-03  0.674327E-03  0.616184E-03  0.554425E-03  0.502072E-03  0.458720E-03  0.438156E-03  0.402169E-03  0.371451E-03  0.343668E-03  0.322393E-03  0.276494E-03  0.276510E-03  0.252517E-03  0.240668E-03  0.224077E-03  0.211071E-03  0.193052E-03  0.179784E-03  0.171249E-03  0.158424E-03  0.148938E-03  0.142145E-03  0.128874E-03  0.123228E-03  0.119033E-03  0.113808E-03  0.108148E-03  0.102552E-03  0.102243E-03  0.986937E-04  0.942423E-04  0.894750E-04  0.844508E-04  0.803806E-04  0.759286E-04  0.705481E-04  0.662961E-04  0.652943E-04  0.610603E-04  0.600321E-04  0.563908E-04  0.531416E-04  0.510776E-04  0.477524E-04
 done!
  0.994088E-01  0.629469E+00  0.940635E+02  0.987778E+02  0.789042E+02  0.367405E+00  0.677045E+01
 calculate Rp and Rd ...
 calculate matrix A ...
 done!
 奇异值分解 l =            0
 deltam = 
   8.2026834848832536E-010  -9.7419668416268092E-005  -4.0453660753639087E-005  -4.3029070414782758E-006   1.7507590475265402E-007   6.7854443205101259E-005   1.4689296709895243E-006
 error:
0.479428E-06
 iteration =           38
 lambda =    1.8626451492309570E-008
 calculate dB/dt in time domain ...
 calculate Jacobi matrix ...
 deltadobs:
  0.365645E-03 -0.324554E-02  0.891781E-03  0.143936E-02  0.147246E-02  0.144328E-02  0.127640E-02  0.114355E-02  0.102042E-02  0.920401E-03  0.819136E-03  0.736868E-03  0.674327E-03  0.616184E-03  0.554425E-03  0.502072E-03  0.458720E-03  0.438156E-03  0.402169E-03  0.371451E-03  0.343668E-03  0.322393E-03  0.276494E-03  0.276510E-03  0.252517E-03  0.240668E-03  0.224077E-03  0.211071E-03  0.193052E-03  0.179784E-03  0.171249E-03  0.158424E-03  0.148938E-03  0.142145E-03  0.128874E-03  0.123228E-03  0.119033E-03  0.113808E-03  0.108148E-03  0.102552E-03  0.102243E-03  0.986937E-04  0.942423E-04  0.894750E-04  0.844508E-04  0.803806E-04  0.759286E-04  0.705481E-04  0.662961E-04  0.652943E-04  0.610603E-04  0.600321E-04  0.563908E-04  0.531416E-04  0.510776E-04  0.477524E-04
 done!
  0.994088E-01  0.629408E+00  0.940597E+02  0.987774E+02  0.789042E+02  0.367430E+00  0.677046E+01
 calculate Rp and Rd ...
 calculate matrix A ...
 done!
 奇异值分解 l =            0
 deltam = 
  -6.4233445062132014E-010   2.2938492035430615E-004  -3.2517141878941484E-005  -1.0561541661060844E-006   4.1821470467189449E-007   1.0512461341428552E-004  -3.5752127071604321E-007
 error:
0.479428E-06
 iteration =           39
 lambda =    3.7252902984619141E-008
 calculate dB/dt in time domain ...
 calculate Jacobi matrix ...
 deltadobs:
  0.365645E-03 -0.324554E-02  0.891781E-03  0.143936E-02  0.147246E-02  0.144328E-02  0.127640E-02  0.114355E-02  0.102042E-02  0.920401E-03  0.819136E-03  0.736868E-03  0.674327E-03  0.616184E-03  0.554425E-03  0.502072E-03  0.458720E-03  0.438156E-03  0.402169E-03  0.371451E-03  0.343668E-03  0.322393E-03  0.276494E-03  0.276510E-03  0.252517E-03  0.240668E-03  0.224077E-03  0.211071E-03  0.193052E-03  0.179784E-03  0.171249E-03  0.158424E-03  0.148938E-03  0.142145E-03  0.128874E-03  0.123228E-03  0.119033E-03  0.113808E-03  0.108148E-03  0.102552E-03  0.102243E-03  0.986937E-04  0.942423E-04  0.894750E-04  0.844508E-04  0.803806E-04  0.759286E-04  0.705481E-04  0.662961E-04  0.652943E-04  0.610603E-04  0.600321E-04  0.563908E-04  0.531416E-04  0.510776E-04  0.477524E-04
 done!
  0.994088E-01  0.629552E+00  0.940566E+02  0.987773E+02  0.789042E+02  0.367468E+00  0.677046E+01
 calculate Rp and Rd ...
 calculate matrix A ...
 done!
 奇异值分解 l =            0
 deltam = 
   7.2419636058897654E-011  -8.7724873599140133E-005   1.7209494345625169E-005   1.1121425148436036E-005   7.2236800246565301E-007  -1.8833623510641984E-004  -2.2340827968429978E-007
 error:
0.479428E-06
 iteration =           40
 lambda =    1.8626451492309570E-008
 calculate dB/dt in time domain ...
 calculate Jacobi matrix ...
 deltadobs:
  0.365645E-03 -0.324554E-02  0.891781E-03  0.143936E-02  0.147246E-02  0.144328E-02  0.127640E-02  0.114355E-02  0.102042E-02  0.920401E-03  0.819136E-03  0.736868E-03  0.674327E-03  0.616184E-03  0.554425E-03  0.502072E-03  0.458720E-03  0.438156E-03  0.402169E-03  0.371451E-03  0.343668E-03  0.322393E-03  0.276494E-03  0.276510E-03  0.252517E-03  0.240668E-03  0.224077E-03  0.211071E-03  0.193052E-03  0.179784E-03  0.171249E-03  0.158424E-03  0.148938E-03  0.142145E-03  0.128874E-03  0.123228E-03  0.119033E-03  0.113808E-03  0.108148E-03  0.102552E-03  0.102243E-03  0.986937E-04  0.942423E-04  0.894750E-04  0.844508E-04  0.803806E-04  0.759286E-04  0.705481E-04  0.662961E-04  0.652943E-04  0.610603E-04  0.600321E-04  0.563908E-04  0.531416E-04  0.510776E-04  0.477524E-04
 done!
  0.994088E-01  0.629497E+00  0.940583E+02  0.987784E+02  0.789043E+02  0.367399E+00  0.677046E+01
 calculate Rp and Rd ...
 calculate matrix A ...
 done!
 奇异值分解 l =            0
 deltam = 
   7.5931083376960568E-010  -1.1393734289350659E-004   5.0609467495265674E-005  -1.0518851522203420E-005   2.4110029384663930E-007  -4.6662389070528726E-005  -1.2909473821186367E-007
 error:
0.479428E-06
 iteration =           41
 lambda =    9.3132257461547852E-009
 calculate dB/dt in time domain ...
 calculate Jacobi matrix ...
 deltadobs:
  0.365645E-03 -0.324554E-02  0.891781E-03  0.143936E-02  0.147246E-02  0.144328E-02  0.127640E-02  0.114355E-02  0.102042E-02  0.920401E-03  0.819136E-03  0.736868E-03  0.674327E-03  0.616184E-03  0.554425E-03  0.502072E-03  0.458720E-03  0.438156E-03  0.402169E-03  0.371451E-03  0.343668E-03  0.322393E-03  0.276494E-03  0.276510E-03  0.252517E-03  0.240668E-03  0.224077E-03  0.211071E-03  0.193052E-03  0.179784E-03  0.171249E-03  0.158424E-03  0.148938E-03  0.142145E-03  0.128874E-03  0.123228E-03  0.119033E-03  0.113808E-03  0.108148E-03  0.102552E-03  0.102243E-03  0.986937E-04  0.942423E-04  0.894750E-04  0.844508E-04  0.803806E-04  0.759286E-04  0.705481E-04  0.662961E-04  0.652943E-04  0.610603E-04  0.600321E-04  0.563908E-04  0.531416E-04  0.510776E-04  0.477524E-04
 done!
  0.994088E-01  0.629425E+00  0.940630E+02  0.987773E+02  0.789043E+02  0.367382E+00  0.677045E+01
 calculate Rp and Rd ...
 calculate matrix A ...
 done!
 奇异值分解 l =            0
 deltam = 
  -5.0010798350317311E-010   4.7041331756484689E-005  -3.1661538552015052E-006   1.3440830425539111E-005   3.2503530859621551E-007  -1.1878010147611085E-004   5.3305614310906806E-007
 error:
0.479428E-06
 iteration =           42
 lambda =    1.8626451492309570E-008
 calculate dB/dt in time domain ...
 calculate Jacobi matrix ...
 deltadobs:
  0.365645E-03 -0.324554E-02  0.891781E-03  0.143936E-02  0.147246E-02  0.144328E-02  0.127640E-02  0.114355E-02  0.102042E-02  0.920401E-03  0.819136E-03  0.736868E-03  0.674327E-03  0.616184E-03  0.554425E-03  0.502072E-03  0.458720E-03  0.438156E-03  0.402169E-03  0.371451E-03  0.343668E-03  0.322393E-03  0.276494E-03  0.276510E-03  0.252517E-03  0.240668E-03  0.224077E-03  0.211071E-03  0.193052E-03  0.179784E-03  0.171249E-03  0.158424E-03  0.148938E-03  0.142145E-03  0.128874E-03  0.123228E-03  0.119033E-03  0.113808E-03  0.108148E-03  0.102552E-03  0.102243E-03  0.986937E-04  0.942423E-04  0.894750E-04  0.844508E-04  0.803806E-04  0.759286E-04  0.705481E-04  0.662961E-04  0.652943E-04  0.610603E-04  0.600321E-04  0.563908E-04  0.531416E-04  0.510776E-04  0.477524E-04
 done!
  0.994088E-01  0.629455E+00  0.940627E+02  0.987787E+02  0.789043E+02  0.367338E+00  0.677046E+01
 calculate Rp and Rd ...
 calculate matrix A ...
 done!
 奇异值分解 l =            0
 deltam = 
   2.4792718546611975E-010   3.7061478448000365E-004   2.6778652718725904E-005   2.3467111156510727E-005   5.4945790093022138E-007  -2.9757708538705744E-004  -2.0195101858456539E-006
 error:
0.479428E-06
 iteration =           43
 lambda =    9.3132257461547852E-009
 calculate dB/dt in time domain ...
 calculate Jacobi matrix ...
 deltadobs:
  0.365645E-03 -0.324554E-02  0.891781E-03  0.143936E-02  0.147246E-02  0.144328E-02  0.127640E-02  0.114355E-02  0.102042E-02  0.920401E-03  0.819136E-03  0.736868E-03  0.674327E-03  0.616184E-03  0.554425E-03  0.502072E-03  0.458720E-03  0.438156E-03  0.402169E-03  0.371451E-03  0.343668E-03  0.322393E-03  0.276494E-03  0.276510E-03  0.252517E-03  0.240668E-03  0.224077E-03  0.211071E-03  0.193052E-03  0.179784E-03  0.171249E-03  0.158424E-03  0.148938E-03  0.142145E-03  0.128874E-03  0.123228E-03  0.119033E-03  0.113808E-03  0.108148E-03  0.102552E-03  0.102243E-03  0.986937E-04  0.942423E-04  0.894750E-04  0.844508E-04  0.803806E-04  0.759286E-04  0.705481E-04  0.662961E-04  0.652943E-04  0.610603E-04  0.600321E-04  0.563908E-04  0.531416E-04  0.510776E-04  0.477524E-04
 done!
  0.994088E-01  0.629688E+00  0.940652E+02  0.987810E+02  0.789044E+02  0.367229E+00  0.677044E+01
 calculate Rp and Rd ...
 calculate matrix A ...
 done!
 奇异值分解 l =            0
 deltam = 
  -1.1364568097134589E-010  -3.2078343814520108E-005   2.8360207104630213E-004   5.1104915749046204E-005  -2.8157855254014158E-007  -5.7192770010195821E-005   9.4799299548460160E-007
 error:
0.479428E-06
 iteration =           44
 lambda =    4.6566128730773926E-009
 calculate dB/dt in time domain ...
 calculate Jacobi matrix ...
 deltadobs:
  0.365645E-03 -0.324554E-02  0.891781E-03  0.143936E-02  0.147246E-02  0.144328E-02  0.127640E-02  0.114355E-02  0.102042E-02  0.920401E-03  0.819136E-03  0.736868E-03  0.674327E-03  0.616184E-03  0.554425E-03  0.502072E-03  0.458720E-03  0.438156E-03  0.402169E-03  0.371451E-03  0.343668E-03  0.322393E-03  0.276494E-03  0.276510E-03  0.252517E-03  0.240668E-03  0.224077E-03  0.211071E-03  0.193052E-03  0.179784E-03  0.171249E-03  0.158424E-03  0.148938E-03  0.142145E-03  0.128874E-03  0.123228E-03  0.119033E-03  0.113808E-03  0.108148E-03  0.102552E-03  0.102243E-03  0.986937E-04  0.942423E-04  0.894750E-04  0.844508E-04  0.803806E-04  0.759286E-04  0.705481E-04  0.662961E-04  0.652943E-04  0.610603E-04  0.600321E-04  0.563908E-04  0.531416E-04  0.510776E-04  0.477524E-04
 done!
  0.994088E-01  0.629668E+00  0.940919E+02  0.987860E+02  0.789044E+02  0.367208E+00  0.677045E+01
 calculate Rp and Rd ...
 calculate matrix A ...
 done!
 奇异值分解 l =            0
 deltam = 
   6.3583273104014925E-010   1.4697577223635069E-004   2.6849115373114586E-004  -1.4428679370587530E-006   9.5924858896054016E-007   4.1855027368487283E-005   7.9875984967562685E-007
 error:
0.479428E-06
 iteration =           45
 lambda =    2.3283064365386963E-009
 calculate dB/dt in time domain ...
 calculate Jacobi matrix ...
 deltadobs:
  0.365646E-03 -0.324554E-02  0.891781E-03  0.143936E-02  0.147246E-02  0.144328E-02  0.127640E-02  0.114355E-02  0.102042E-02  0.920401E-03  0.819136E-03  0.736868E-03  0.674327E-03  0.616184E-03  0.554425E-03  0.502072E-03  0.458720E-03  0.438156E-03  0.402169E-03  0.371451E-03  0.343668E-03  0.322393E-03  0.276494E-03  0.276510E-03  0.252517E-03  0.240668E-03  0.224077E-03  0.211071E-03  0.193052E-03  0.179784E-03  0.171249E-03  0.158424E-03  0.148938E-03  0.142145E-03  0.128874E-03  0.123228E-03  0.119033E-03  0.113808E-03  0.108148E-03  0.102552E-03  0.102243E-03  0.986937E-04  0.942423E-04  0.894750E-04  0.844508E-04  0.803806E-04  0.759286E-04  0.705481E-04  0.662961E-04  0.652943E-04  0.610603E-04  0.600321E-04  0.563908E-04  0.531416E-04  0.510776E-04  0.477524E-04
 done!
  0.994088E-01  0.629760E+00  0.941172E+02  0.987859E+02  0.789044E+02  0.367223E+00  0.677046E+01
 calculate Rp and Rd ...
 calculate matrix A ...
 done!
 奇异值分解 l =            0
 deltam = 
  -4.5402154761984706E-010   5.5137825014168606E-004  -3.0773319505291423E-004   5.6554964611610566E-005   1.8345794386012834E-006   2.7961683637965960E-004   3.4372422406625727E-006
 error:
0.479428E-06
 iteration =           46
 lambda =    4.6566128730773926E-009
 calculate dB/dt in time domain ...
 calculate Jacobi matrix ...
 deltadobs:
  0.365645E-03 -0.324554E-02  0.891781E-03  0.143936E-02  0.147246E-02  0.144328E-02  0.127640E-02  0.114355E-02  0.102042E-02  0.920401E-03  0.819136E-03  0.736868E-03  0.674327E-03  0.616184E-03  0.554425E-03  0.502072E-03  0.458720E-03  0.438156E-03  0.402169E-03  0.371451E-03  0.343668E-03  0.322393E-03  0.276494E-03  0.276510E-03  0.252517E-03  0.240668E-03  0.224077E-03  0.211071E-03  0.193052E-03  0.179784E-03  0.171249E-03  0.158424E-03  0.148938E-03  0.142145E-03  0.128874E-03  0.123228E-03  0.119033E-03  0.113808E-03  0.108148E-03  0.102552E-03  0.102243E-03  0.986937E-04  0.942423E-04  0.894750E-04  0.844508E-04  0.803806E-04  0.759286E-04  0.705481E-04  0.662961E-04  0.652943E-04  0.610603E-04  0.600321E-04  0.563908E-04  0.531416E-04  0.510776E-04  0.477524E-04
 done!
  0.994088E-01  0.630108E+00  0.940882E+02  0.987915E+02  0.789046E+02  0.367326E+00  0.677048E+01
 calculate Rp and Rd ...
 calculate matrix A ...
 done!
 奇异值分解 l =            0
 deltam = 
  -4.5106521086477032E-010  -4.1318467083164857E-004  -7.1113093477120318E-004  -2.9900580791540203E-004   9.0448994174783122E-007   1.4646082961392089E-004   7.3340466956041751E-006
 error:
0.479428E-06
 iteration =           47
 lambda =    2.3283064365386963E-009
 calculate dB/dt in time domain ...
 calculate Jacobi matrix ...
 deltadobs:
  0.365645E-03 -0.324554E-02  0.891781E-03  0.143936E-02  0.147246E-02  0.144328E-02  0.127640E-02  0.114355E-02  0.102042E-02  0.920401E-03  0.819136E-03  0.736868E-03  0.674327E-03  0.616184E-03  0.554425E-03  0.502072E-03  0.458720E-03  0.438156E-03  0.402169E-03  0.371451E-03  0.343668E-03  0.322393E-03  0.276494E-03  0.276510E-03  0.252517E-03  0.240668E-03  0.224077E-03  0.211071E-03  0.193052E-03  0.179784E-03  0.171249E-03  0.158424E-03  0.148938E-03  0.142145E-03  0.128874E-03  0.123228E-03  0.119033E-03  0.113808E-03  0.108148E-03  0.102552E-03  0.102243E-03  0.986937E-04  0.942423E-04  0.894750E-04  0.844508E-04  0.803806E-04  0.759286E-04  0.705481E-04  0.662961E-04  0.652943E-04  0.610603E-04  0.600321E-04  0.563908E-04  0.531416E-04  0.510776E-04  0.477524E-04
 done!
  0.994088E-01  0.629847E+00  0.940213E+02  0.987619E+02  0.789047E+02  0.367380E+00  0.677053E+01
 calculate Rp and Rd ...
 calculate matrix A ...
 done!
 奇异值分解 l =            0
 deltam = 
   8.3461637077587052E-010  -1.1259250320891946E-003   4.5421853493172673E-004  -1.5937423800351898E-005   2.0427730740033171E-006  -5.8481470615054897E-004  -1.2830983527609043E-006
 error:
0.479428E-06
 iteration =           48
 lambda =    4.6566128730773926E-009
 calculate dB/dt in time domain ...
 calculate Jacobi matrix ...
 deltadobs:
  0.365646E-03 -0.324554E-02  0.891781E-03  0.143936E-02  0.147246E-02  0.144328E-02  0.127640E-02  0.114355E-02  0.102042E-02  0.920401E-03  0.819136E-03  0.736868E-03  0.674327E-03  0.616184E-03  0.554425E-03  0.502072E-03  0.458720E-03  0.438156E-03  0.402169E-03  0.371451E-03  0.343668E-03  0.322393E-03  0.276494E-03  0.276510E-03  0.252517E-03  0.240668E-03  0.224077E-03  0.211071E-03  0.193052E-03  0.179784E-03  0.171249E-03  0.158424E-03  0.148938E-03  0.142145E-03  0.128874E-03  0.123228E-03  0.119033E-03  0.113808E-03  0.108148E-03  0.102552E-03  0.102243E-03  0.986937E-04  0.942423E-04  0.894750E-04  0.844508E-04  0.803806E-04  0.759286E-04  0.705481E-04  0.662961E-04  0.652943E-04  0.610603E-04  0.600321E-04  0.563908E-04  0.531416E-04  0.510776E-04  0.477524E-04
 done!
  0.994088E-01  0.629139E+00  0.940641E+02  0.987604E+02  0.789048E+02  0.367165E+00  0.677052E+01
 calculate Rp and Rd ...
 calculate matrix A ...
 done!
 奇异值分解 l =            0
 deltam = 
   2.0893865204337009E-010  -5.6655980381128631E-004   1.5598718794150793E-004   1.8145637702029986E-004   1.1528939929897841E-006   9.9405931333912531E-004  -3.8980370808081614E-006
 error:
0.479428E-06
 iteration =           49
 lambda =    2.3283064365386963E-009
 calculate dB/dt in time domain ...
 calculate Jacobi matrix ...
 deltadobs:
  0.365646E-03 -0.324554E-02  0.891781E-03  0.143936E-02  0.147246E-02  0.144328E-02  0.127640E-02  0.114355E-02  0.102042E-02  0.920401E-03  0.819136E-03  0.736868E-03  0.674327E-03  0.616184E-03  0.554425E-03  0.502072E-03  0.458720E-03  0.438156E-03  0.402169E-03  0.371451E-03  0.343668E-03  0.322393E-03  0.276494E-03  0.276510E-03  0.252517E-03  0.240668E-03  0.224077E-03  0.211071E-03  0.193052E-03  0.179784E-03  0.171249E-03  0.158424E-03  0.148938E-03  0.142145E-03  0.128874E-03  0.123228E-03  0.119033E-03  0.113808E-03  0.108148E-03  0.102552E-03  0.102243E-03  0.986937E-04  0.942423E-04  0.894750E-04  0.844508E-04  0.803806E-04  0.759286E-04  0.705481E-04  0.662961E-04  0.652943E-04  0.610603E-04  0.600321E-04  0.563908E-04  0.531416E-04  0.510776E-04  0.477524E-04
 done!
  0.994088E-01  0.628782E+00  0.940787E+02  0.987783E+02  0.789049E+02  0.367530E+00  0.677049E+01
 calculate Rp and Rd ...
 calculate matrix A ...
 done!
 奇异值分解 l =            0
 deltam = 
  -5.7751617104575563E-010  -3.5411016430652529E-004   5.5790289845111330E-004   1.2282447921395856E-004   4.9491525469372377E-007   1.2465505138537850E-003   2.1598310064150013E-006
 error:
0.479428E-06
 iteration =           50
 lambda =    4.6566128730773926E-009
 calculate dB/dt in time domain ...
 calculate Jacobi matrix ...
 deltadobs:
  0.365645E-03 -0.324554E-02  0.891781E-03  0.143936E-02  0.147246E-02  0.144328E-02  0.127640E-02  0.114355E-02  0.102042E-02  0.920401E-03  0.819136E-03  0.736868E-03  0.674327E-03  0.616184E-03  0.554425E-03  0.502072E-03  0.458720E-03  0.438156E-03  0.402169E-03  0.371451E-03  0.343668E-03  0.322393E-03  0.276494E-03  0.276510E-03  0.252517E-03  0.240668E-03  0.224077E-03  0.211071E-03  0.193052E-03  0.179784E-03  0.171249E-03  0.158424E-03  0.148938E-03  0.142145E-03  0.128874E-03  0.123228E-03  0.119033E-03  0.113808E-03  0.108148E-03  0.102552E-03  0.102243E-03  0.986937E-04  0.942423E-04  0.894750E-04  0.844508E-04  0.803806E-04  0.759286E-04  0.705481E-04  0.662961E-04  0.652943E-04  0.610603E-04  0.600321E-04  0.563908E-04  0.531416E-04  0.510776E-04  0.477524E-04
 done!
  0.994088E-01  0.628560E+00  0.941312E+02  0.987904E+02  0.789049E+02  0.367989E+00  0.677051E+01
 calculate Rp and Rd ...
 calculate matrix A ...
 done!
 奇异值分解 l =            0
 deltam = 
  -1.3209948185225648E-010  -1.1746637144675900E-003   2.4864460409427164E-004   2.6256757616277397E-004   1.3321554403979253E-006  -1.7127499159239807E-003   6.4463924032017515E-007
 error:
0.479428E-06
 iteration =           51
 lambda =    2.3283064365386963E-009
 calculate dB/dt in time domain ...
 calculate Jacobi matrix ...
 deltadobs:
  0.365645E-03 -0.324554E-02  0.891781E-03  0.143936E-02  0.147246E-02  0.144328E-02  0.127640E-02  0.114355E-02  0.102042E-02  0.920401E-03  0.819136E-03  0.736868E-03  0.674327E-03  0.616184E-03  0.554425E-03  0.502072E-03  0.458720E-03  0.438156E-03  0.402169E-03  0.371451E-03  0.343668E-03  0.322393E-03  0.276494E-03  0.276510E-03  0.252517E-03  0.240668E-03  0.224077E-03  0.211071E-03  0.193052E-03  0.179784E-03  0.171249E-03  0.158424E-03  0.148938E-03  0.142145E-03  0.128874E-03  0.123228E-03  0.119033E-03  0.113808E-03  0.108148E-03  0.102552E-03  0.102243E-03  0.986937E-04  0.942423E-04  0.894750E-04  0.844508E-04  0.803806E-04  0.759286E-04  0.705481E-04  0.662961E-04  0.652943E-04  0.610603E-04  0.600321E-04  0.563908E-04  0.531416E-04  0.510776E-04  0.477524E-04
 done!
  0.994088E-01  0.627822E+00  0.941546E+02  0.988164E+02  0.789051E+02  0.367359E+00  0.677051E+01
 calculate Rp and Rd ...
 calculate matrix A ...
 done!
 奇异值分解 l =            0
 deltam = 
   1.5702697596551757E-011   4.1718514680696224E-004  -1.6028914378957227E-004   1.9940726437959010E-006   5.4190377739552340E-007  -3.5258172666224321E-004   2.1027858226176467E-006
 error:
0.479428E-06
 iteration =           52
 lambda =    4.6566128730773926E-009
 calculate dB/dt in time domain ...
 calculate Jacobi matrix ...
 deltadobs:
  0.365645E-03 -0.324554E-02  0.891781E-03  0.143936E-02  0.147246E-02  0.144328E-02  0.127640E-02  0.114355E-02  0.102042E-02  0.920401E-03  0.819136E-03  0.736868E-03  0.674327E-03  0.616184E-03  0.554425E-03  0.502072E-03  0.458720E-03  0.438156E-03  0.402169E-03  0.371451E-03  0.343668E-03  0.322393E-03  0.276494E-03  0.276510E-03  0.252517E-03  0.240668E-03  0.224077E-03  0.211071E-03  0.193052E-03  0.179784E-03  0.171249E-03  0.158424E-03  0.148938E-03  0.142145E-03  0.128874E-03  0.123228E-03  0.119033E-03  0.113808E-03  0.108148E-03  0.102552E-03  0.102243E-03  0.986937E-04  0.942423E-04  0.894750E-04  0.844508E-04  0.803806E-04  0.759286E-04  0.705481E-04  0.662961E-04  0.652943E-04  0.610603E-04  0.600321E-04  0.563908E-04  0.531416E-04  0.510776E-04  0.477524E-04
 done!
  0.994088E-01  0.628084E+00  0.941396E+02  0.988166E+02  0.789051E+02  0.367229E+00  0.677053E+01
 calculate Rp and Rd ...
 calculate matrix A ...
 done!
 奇异值分解 l =            0
 deltam = 
  -4.1306459266532379E-010  -3.5043031389345759E-003   3.9495247397531305E-004   1.1034912330767627E-005   1.6459784565773222E-006  -1.0606051434188261E-003   7.2688218091823520E-007
 error:
0.479428E-06
 iteration =           53
 lambda =    2.3283064365386963E-009
 calculate dB/dt in time domain ...
 calculate Jacobi matrix ...
 deltadobs:
  0.365645E-03 -0.324554E-02  0.891781E-03  0.143936E-02  0.147246E-02  0.144328E-02  0.127640E-02  0.114355E-02  0.102042E-02  0.920401E-03  0.819136E-03  0.736868E-03  0.674327E-03  0.616184E-03  0.554425E-03  0.502072E-03  0.458720E-03  0.438156E-03  0.402169E-03  0.371451E-03  0.343668E-03  0.322393E-03  0.276494E-03  0.276510E-03  0.252517E-03  0.240668E-03  0.224077E-03  0.211071E-03  0.193052E-03  0.179784E-03  0.171249E-03  0.158424E-03  0.148938E-03  0.142145E-03  0.128874E-03  0.123228E-03  0.119033E-03  0.113808E-03  0.108148E-03  0.102552E-03  0.102243E-03  0.986937E-04  0.942423E-04  0.894750E-04  0.844508E-04  0.803806E-04  0.759286E-04  0.705481E-04  0.662961E-04  0.652943E-04  0.610603E-04  0.600321E-04  0.563908E-04  0.531416E-04  0.510776E-04  0.477524E-04
 done!
  0.994088E-01  0.625887E+00  0.941767E+02  0.988177E+02  0.789052E+02  0.366840E+00  0.677053E+01
 calculate Rp and Rd ...
 calculate matrix A ...
 done!
 奇异值分解 l =            0
 deltam = 
   4.0197173947485974E-010  -1.0593273303375161E-003  -4.5007918808336576E-004   5.4297058850609931E-005  -5.9953604098767135E-007   1.1057269404065716E-003   1.4996630167670304E-006
 error:
0.479428E-06
 iteration =           54
 lambda =    4.6566128730773926E-009
 calculate dB/dt in time domain ...
 calculate Jacobi matrix ...
 deltadobs:
  0.365645E-03 -0.324554E-02  0.891781E-03  0.143936E-02  0.147246E-02  0.144328E-02  0.127640E-02  0.114355E-02  0.102042E-02  0.920401E-03  0.819136E-03  0.736868E-03  0.674327E-03  0.616184E-03  0.554425E-03  0.502072E-03  0.458720E-03  0.438156E-03  0.402169E-03  0.371451E-03  0.343668E-03  0.322393E-03  0.276494E-03  0.276510E-03  0.252517E-03  0.240668E-03  0.224077E-03  0.211071E-03  0.193052E-03  0.179784E-03  0.171249E-03  0.158424E-03  0.148938E-03  0.142145E-03  0.128874E-03  0.123228E-03  0.119033E-03  0.113808E-03  0.108148E-03  0.102552E-03  0.102243E-03  0.986937E-04  0.942423E-04  0.894750E-04  0.844508E-04  0.803806E-04  0.759286E-04  0.705481E-04  0.662961E-04  0.652943E-04  0.610603E-04  0.600321E-04  0.563908E-04  0.531416E-04  0.510776E-04  0.477524E-04
 done!
  0.994088E-01  0.625224E+00  0.941344E+02  0.988230E+02  0.789052E+02  0.367246E+00  0.677054E+01
 calculate Rp and Rd ...
 calculate matrix A ...
 done!
 奇异值分解 l =            0
 deltam = 
   3.6381697891779286E-010   1.4380861761384475E-003  -4.6760975913640479E-004   2.1886835215559648E-004   3.5355880752632745E-006  -6.2208848650861659E-005   6.4440247684215942E-006
 error:
0.479428E-06
 iteration =           55
 lambda =    2.3283064365386963E-009
 calculate dB/dt in time domain ...
 calculate Jacobi matrix ...
