   3.3982100e-01
   2.0237825e-02
   1.0000000e+02
   1.0000000e+02
   3.3982100e-01
   1.9417601e-02
   1.0000000e+02
   1.0000000e+02
   3.3982100e-01
   1.8805417e-02
   1.0000000e+02
   1.0000000e+02
   3.3982100e-01
   1.6362761e-02
   1.0000000e+02
   1.0000000e+02
   3.3982100e-01
   1.4100422e-02
   1.0000000e+02
   1.0000000e+02
   3.3982100e-01
   1.1092968e-02
   1.0000000e+02
   1.0000000e+02
   3.3982100e-01
   8.3599185e-03
   1.0000000e+02
   1.0000000e+02
   3.3982100e-01
   6.8517219e-03
   1.0000000e+02
   1.0000000e+02
   3.3982100e-01
   7.9523002e-03
   1.0000000e+02
   1.0000000e+02
   3.3982100e-01
   1.0198194e-02
   1.0000000e+02
   1.0000000e+02
   3.3982100e-01
   9.0849418e-03
   1.0000000e+02
   1.0000000e+02
   3.3982100e-01
   7.1758291e-03
   1.0000000e+02
   1.0000000e+02
   3.3982100e-01
   7.7071986e-03
   1.0000000e+02
   1.0000000e+02
   3.3982100e-01
   1.2761280e-02
   1.0000000e+02
   1.0000000e+02
   3.3982100e-01
   1.3741627e-02
   1.0000000e+02
   1.0000000e+02
   3.3982100e-01
   1.4510156e-02
   1.0000000e+02
   1.0000000e+02
   3.3982100e-01
   1.3874949e-02
   1.0000000e+02
   1.0000000e+02
   3.3982100e-01
   1.0067137e-02
   1.0000000e+02
   1.0000000e+02
   3.3982100e-01
   7.3630179e-03
   1.0000000e+02
   1.0000000e+02
   3.3982100e-01
   6.5037091e-03
   1.0000000e+02
   1.0000000e+02
   3.3982100e-01
   6.1492617e-03
   1.0000000e+02
   1.0000000e+02
   3.3982100e-01
   1.0128255e-02
   1.0000000e+02
   1.0000000e+02
   3.3982100e-01
   5.6239822e-03
   1.0000000e+02
   1.0000000e+02
   3.3982100e-01
   5.9053734e-03
   1.0000000e+02
   1.0000000e+02
   3.3982100e-01
   8.9355869e-03
   1.0000000e+02
   1.0000000e+02
   3.3982100e-01
   1.3526300e-02
   1.0000000e+02
   1.0000000e+02
   3.3982100e-01
   1.4345015e-02
   1.0000000e+02
   1.0000000e+02
   3.3982100e-01
   1.8706192e-02
   1.0000000e+02
   1.0000000e+02
   3.3982100e-01
   1.9850144e-02
   1.0000000e+02
   1.0000000e+02
   3.3982100e-01
   1.5245188e-02
   1.0000000e+02
   1.0000000e+02
   3.3982100e-01
   1.6015058e-02
   1.0000000e+02
   1.0000000e+02
   4.0679400e-01
   1.7319326e-02
   1.0000000e+02
   1.0000000e+02
   4.0679400e-01
   1.6632885e-02
   1.0000000e+02
   1.0000000e+02
   5.0936800e-01
   1.9969305e-02
   1.0000000e+02
   1.0000000e+02
   5.0936800e-01
   1.9588362e-02
   1.0000000e+02
   1.0000000e+02
   5.0936800e-01
   1.5060637e-02
   1.0000000e+02
   1.0000000e+02
