   3.8629308e+00
   1.1857402e-01
   5.6467595e-03
   6.0004974e-03
   6.5201786e+01
   1.0000000e+02
   1.0000000e+02
   6.3209300e+00
   5.7696446e-01
   1.4730044e-02
   7.3562561e-03
   6.5827367e-03
   1.0056258e+01
   1.0000000e+02
   6.3209300e+00
   5.7656971e-01
   1.2315132e-02
   6.1174102e-03
   5.2422129e-03
   8.3000806e+01
   1.0000000e+02
   6.3209300e+00
   5.9777131e-01
   7.4794217e-03
   4.2200613e-03
   6.5151214e+01
   1.0000000e+02
   1.0000000e+02
   6.3209300e+00
   5.9209563e-01
   9.0776624e-03
   4.5792631e-03
   1.7603559e+01
   1.0000000e+02
   1.0000000e+02
   6.3209300e+00
   6.5466533e-01
   2.5283698e-02
   9.2648513e-03
   5.1364296e-03
   3.5929876e-03
   9.9383455e+01
   6.3209300e+00
   5.9101581e-01
   5.3142949e-03
   3.9846560e-03
   7.9700768e+01
   1.0000000e+02
   1.0000000e+02
   6.3209300e+00
   6.6996689e-01
   1.5702882e-02
   6.1391188e-03
   5.3694482e-03
   4.4738504e-03
   9.4017947e+01
   6.3209300e+00
   6.4060480e-01
   9.6286414e-03
   4.0800522e-03
   5.3251781e+01
   1.0000000e+02
   1.0000000e+02
   6.3209300e+00
   6.4969433e-01
   9.7588783e-03
   4.2981308e-03
   2.0003005e+01
   1.0000000e+02
   1.0000000e+02
   6.3209300e+00
   6.4292584e-01
   5.8528224e-03
   4.6765678e-03
   4.7652054e+01
   1.0000000e+02
   1.0000000e+02
   6.3209300e+00
   6.0620182e-01
   8.3086659e-03
   5.3157404e-03
   5.2652139e+01
   1.0000000e+02
   1.0000000e+02
   6.3209300e+00
   5.7360137e-01
   6.9546393e-03
   3.6446898e-03
   6.5451195e+01
   1.0000000e+02
   1.0000000e+02
   6.3209300e+00
   5.8826447e-01
   4.5672413e-03
   4.4988955e-03
   7.9450744e+01
   1.0000000e+02
   1.0000000e+02
   6.3209300e+00
   5.8497363e-01
   1.8545549e-02
   9.2005656e-03
   7.3091886e-03
   7.4003331e-03
   7.1373680e+01
   6.3209300e+00
   5.8514955e-01
   9.3246847e-03
   6.7083689e-03
   6.1047051e-03
   3.3103347e+01
   1.0000000e+02
   6.6116900e+00
   7.9232391e-01
   2.1920352e-02
   1.2147878e-02
   9.3069423e-03
   7.7396516e-03
   4.8662736e+01
   6.3209300e+00
   5.5351058e-01
   3.2763503e-03
   7.3850776e+01
   1.0000000e+02
   1.0000000e+02
   1.0000000e+02
   6.3209300e+00
   5.9176638e-01
   8.1162538e-03
   6.0103012e-03
   7.0783075e-03
   6.4961468e-03
   7.0790021e+01
   6.3209300e+00
   5.8309875e-01
   4.7263510e-03
   4.3501977e+01
   1.0000000e+02
   1.0000000e+02
   1.0000000e+02
   6.3209300e+00
   6.1992023e-01
   7.0070585e-03
   5.9497690e-03
   1.0256096e+01
   1.0000000e+02
   1.0000000e+02
   6.3209300e+00
   6.0221563e-01
   1.2577309e-02
   8.1953642e-03
   6.3369108e-03
   5.0061646e+00
   1.0000000e+02
   6.3209300e+00
   6.0989245e-01
   1.0821397e-02
   7.4444336e-03
   6.5020892e-03
   4.5949247e-03
   8.5219787e+01
   6.6116900e+00
   8.4753751e-01
   1.5161623e-02
   1.1143754e-02
   8.9361381e-03
   7.6500664e-03
   3.7881150e+01
   6.3209300e+00
   5.9434100e-01
   8.2477681e-03
   5.7369076e-03
   4.1653324e+01
   1.0000000e+02
   1.0000000e+02
   6.3209300e+00
   6.0048510e-01
   7.1217359e-03
   5.0774610e-03
   2.7653744e+01
   1.0000000e+02
   1.0000000e+02
   6.3209300e+00
   6.1821331e-01
   6.4264777e-03
   5.0197571e-03
   4.1630811e-03
   9.5800159e+01
   1.0000000e+02
   6.3209300e+00
   6.2201809e-01
   9.6831223e-03
   7.4843186e-03
   5.8838075e-03
   6.0964025e-03
   7.7971903e+01
   6.3209300e+00
   5.9980246e-01
   1.0269826e-02
   6.2063529e-03
   5.2181410e-03
   9.3450355e+01
   1.0000000e+02
   6.6116900e+00
   8.6529136e-01
   4.8984191e-03
   4.8691100e-03
   7.1001228e+01
   1.0000000e+02
   1.0000000e+02
   6.3209300e+00
   6.2564259e-01
   5.7594690e-03
   4.4050127e+00
   1.0000000e+02
   1.0000000e+02
   1.0000000e+02
   6.3209300e+00
   6.1796697e-01
   6.5404785e-03
   5.6077018e-03
   7.2051383e+01
   1.0000000e+02
   1.0000000e+02
   6.3209300e+00
   5.9893823e-01
   8.0441078e-03
   5.8413834e-03
   7.0054881e-03
   5.0730984e-03
   6.6690223e+01
   6.3209300e+00
   6.1053672e-01
   6.3527953e-03
   5.4718726e-03
   2.0904293e+01
   1.0000000e+02
   1.0000000e+02
