   1.8832554e+00
   1.3321600e-02
   4.3345999e-03
   5.7101438e+01
   1.0000000e+02
   1.0000000e+02
   1.0000000e+02
   3.1673425e+00
   1.6400947e-01
   1.2693037e-02
   6.6941796e-03
   5.1450888e-03
   8.6664195e+01
   1.0000000e+02
   3.3781964e+00
   1.8992815e-01
   1.5499464e-02
   8.2320315e-03
   3.8752190e-03
   9.8272787e+01
   1.0000000e+02
   3.3843833e+00
   2.0404487e-01
   1.7918336e-02
   9.1624002e-03
   5.1632546e-03
   9.2282053e+01
   1.0000000e+02
   3.3866380e+00
   1.9800338e-01
   1.0901851e-02
   4.7977327e-03
   5.4029472e+00
   1.0000000e+02
   1.0000000e+02
   3.3967433e+00
   2.3138194e-01
   3.1568643e-02
   1.4610946e-02
   8.3519229e-03
   7.9700909e+01
   1.0000000e+02
   3.1745034e+00
   1.6206917e-01
   5.5866055e-03
   3.4650168e-03
   5.7501081e+01
   1.0000000e+02
   1.0000000e+02
   3.4122199e+00
   2.0996571e-01
   1.2451563e-02
   6.7530944e-03
   4.8238261e-03
   9.0763948e+01
   1.0000000e+02
   3.4025199e+00
   2.1003818e-01
   1.2218622e-02
   6.4084500e-03
   3.7292876e-03
   9.5345568e+01
   1.0000000e+02
   3.4157553e+00
   1.9153832e-01
   1.0720374e-02
   5.5567754e-03
   4.4701473e+01
   1.0000000e+02
   1.0000000e+02
   3.4157553e+00
   1.6774260e-01
   1.5047323e-02
   8.0746140e-03
   3.6333520e-03
   9.8781853e+01
   1.0000000e+02
   3.3914636e+00
   2.0211197e-01
   1.4874897e-02
   6.8314772e-03
   4.1618704e-03
   9.6218305e+01
   1.0000000e+02
   3.3801667e+00
   1.8823139e-01
   7.5383438e-03
   3.5335844e-03
   4.8901350e+01
   1.0000000e+02
   1.0000000e+02
   3.1720085e+00
   1.6098571e-01
   3.8677316e-03
   3.5101787e+01
   1.0000000e+02
   1.0000000e+02
   1.0000000e+02
   3.1720085e+00
   1.6394168e-01
   1.6342519e-02
   9.5221611e-03
   6.4581711e-03
   8.9773220e+01
   1.0000000e+02
   3.3822276e+00
   1.8786458e-01
   8.4805752e-03
   6.0134195e-03
   4.8059795e-03
   8.4527905e+01
   1.0000000e+02
   3.3745122e+00
   1.8145678e-01
   1.4664175e-02
   1.0895827e-02
   8.8088286e-03
   7.0383483e+01
   1.0000000e+02
   3.3763129e+00
   1.8559864e-01
   5.7103278e-03
   2.5101742e+01
   1.0000000e+02
   1.0000000e+02
   1.0000000e+02
   3.3866380e+00
   1.8930550e-01
   8.6527224e-03
   5.1774132e-03
   4.1746273e-03
   9.5254715e+01
   1.0000000e+02
   3.3843833e+00
   1.9246296e-01
   5.4609674e-03
   5.4609674e-03
   5.4609674e-03
   1.0000000e+02
   1.0000000e+02
   3.4025199e+00
   1.8011093e-01
   6.4311284e-03
   5.0312506e-03
   2.9502711e+01
   1.0000000e+02
   1.0000000e+02
   3.3866380e+00
   1.8938581e-01
   1.0933418e-02
   6.7604544e-03
   6.2826730e-03
   9.0236847e+01
   1.0000000e+02
   3.3940441e+00
   1.9174889e-01
   1.0036854e-02
   6.7265171e-03
   5.2291573e-03
   8.8173213e+01
   1.0000000e+02
   3.3940441e+00
   1.9398428e-01
   1.2733681e-02
   8.5646104e-03
   6.5911801e-03
   7.8619386e+01
   1.0000000e+02
   3.3889966e+00
   1.8949377e-01
   8.1946833e-03
   5.0848083e-03
   3.8804032e-03
   9.5900147e+01
   1.0000000e+02
   3.3914636e+00
   1.8768011e-01
   7.5292222e-03
   5.2247985e-03
   4.0541909e-03
   9.8254601e+01
   1.0000000e+02
   3.3995667e+00
   1.8230604e-01
   8.2920608e-03
   4.6683113e-03
   3.5039545e-03
   9.9972728e+01
   1.0000000e+02
   3.4056089e+00
   1.7110743e-01
   1.2689632e-02
   8.4433176e-03
   6.3511188e-03
   7.8146448e+01
   1.0000000e+02
   3.3889966e+00
   1.9233344e-01
   1.2567874e-02
   7.6441015e-03
   5.2561146e-03
   9.2473024e+01
   1.0000000e+02
   3.4056089e+00
   1.6656427e-01
   4.3388427e-03
   4.5301600e+01
   1.0000000e+02
   1.0000000e+02
   1.0000000e+02
   3.4025199e+00
   1.8117415e-01
   5.3618592e-03
   3.8426030e-03
   5.0601492e+01
   1.0000000e+02
   1.0000000e+02
   3.4157553e+00
   1.3859508e-01
   4.7078416e-03
   4.7037252e+00
   1.0000000e+02
   1.0000000e+02
   1.0000000e+02
   3.3889966e+00
   1.9205780e-01
   1.1068021e-02
   6.3238168e-03
   4.4157879e-03
   9.4645648e+01
   1.0000000e+02
   3.4315991e+00
   1.0020153e-01
   6.5730630e-03
   4.5310417e-03
   4.2718702e-03
   9.7418273e+01
   1.0000000e+02
