   4.7014033e-01
   1.2113109e-02
   3.2239324e-03
   4.1547332e-03
   1.8764452e-03
   1.0000000e+01
   1.0000000e+01
   1.0000000e+01
   1.0000000e+01
   1.0000000e+01
   4.7039458e-01
   8.9391003e-03
   3.5750503e-03
   2.6027396e-03
   1.0000000e+01
   1.0000000e+01
   1.0000000e+01
   1.0000000e+01
   1.0000000e+01
   1.0000000e+01
   4.7106710e-01
   8.4520857e-03
   3.3275668e-03
   3.3079310e-03
   1.0000000e+01
   1.0000000e+01
   1.0000000e+01
   1.0000000e+01
   1.0000000e+01
   1.0000000e+01
   4.9644808e-01
   7.8491554e-03
   2.2954451e-03
   1.0000000e+01
   1.0000000e+01
   1.0000000e+01
   1.0000000e+01
   1.0000000e+01
   1.0000000e+01
   1.0000000e+01
   4.9653425e-01
   9.5815148e-03
   4.7044357e-03
   2.0864763e-02
   1.7440839e-02
   6.9918900e-03
   3.2314052e-03
   2.9250791e-03
   1.0000000e+01
   1.0000000e+01
   4.7143042e-01
   7.1327021e-03
   2.9761783e-03
   1.0503031e-03
   1.0000000e+01
   1.0000000e+01
   1.0000000e+01
   1.0000000e+01
   1.0000000e+01
   1.0000000e+01
   4.9655125e-01
   1.0411688e-02
   3.8029081e-03
   3.1696939e-03
   1.0000000e+01
   1.0000000e+01
   1.0000000e+01
   1.0000000e+01
   1.0000000e+01
   1.0000000e+01
   4.9593810e-01
   1.0427329e-02
   2.8754935e-03
   1.6397921e-03
   1.0000000e+01
   1.0000000e+01
   1.0000000e+01
   1.0000000e+01
   1.0000000e+01
   1.0000000e+01
   4.9569533e-01
   1.0778330e-02
   2.2143211e-03
   1.0000000e+01
   1.0000000e+01
   1.0000000e+01
   1.0000000e+01
   1.0000000e+01
   1.0000000e+01
   1.0000000e+01
   4.9523527e-01
   1.4019127e-02
   1.9811592e-03
   1.0000000e+01
   1.0000000e+01
   1.0000000e+01
   1.0000000e+01
   1.0000000e+01
   1.0000000e+01
   1.0000000e+01
   4.9480713e-01
   1.3466616e-02
   2.3983229e-03
   1.0000000e+01
   1.0000000e+01
   1.0000000e+01
   1.0000000e+01
   1.0000000e+01
   1.0000000e+01
   1.0000000e+01
   4.9855053e-01
   1.8507364e-02
   7.9302691e-03
   6.3916808e-03
   3.8025195e-03
   1.4079214e-02
   3.6571522e-03
   1.0000000e+01
   1.0000000e+01
   1.0000000e+01
   4.8514672e-01
   8.1433093e-02
   2.2773888e-02
   2.4966099e-02
   1.4044526e-02
   1.2093203e-02
   8.2871442e-03
   1.8336286e-02
   1.4445821e-02
   2.1387789e-03
   5.0391213e-01
   4.6919771e-02
   1.5605943e-02
   1.9774117e-02
   1.0198505e-02
   8.2890986e-03
   5.8688154e-03
   7.2413353e-03
   1.2128365e-03
   1.0000000e+01
   5.0294858e-01
   4.2061939e-02
   1.6515598e-02
   1.0105031e-02
   1.5475151e-02
   5.9207965e-03
   4.8217488e-03
   1.0000000e+01
   1.0000000e+01
   1.0000000e+01
   5.0787996e-01
   8.2748738e-02
   2.1705697e-02
   1.6794852e-02
   1.2072833e-02
   1.5544706e-02
   8.5363672e-03
   4.5998322e-03
   1.0000000e+01
   1.0000000e+01
   4.9712655e-01
   2.5802143e-02
   1.0631308e-02
   5.6487097e-03
   6.1277423e-03
   3.5167120e-03
   1.0000000e+01
   1.0000000e+01
   1.0000000e+01
   1.0000000e+01
   4.9523527e-01
   1.9447879e-02
   5.8022685e-03
   4.8758577e-03
   3.7995230e-03
   1.0000000e+01
   1.0000000e+01
   1.0000000e+01
   1.0000000e+01
   1.0000000e+01
   4.9714117e-01
   2.1003117e-02
   7.8795096e-03
   9.8008047e-03
   8.5683423e-03
   2.5782099e-03
   1.0000000e+01
   1.0000000e+01
   1.0000000e+01
   1.0000000e+01
   4.9523527e-01
   1.5885720e-02
   3.2095820e-03
   1.0000000e+01
   1.0000000e+01
   1.0000000e+01
   1.0000000e+01
   1.0000000e+01
   1.0000000e+01
   1.0000000e+01
   4.9644568e-01
   1.7692244e-02
   5.9330329e-03
   6.4287363e-03
   8.2340106e-03
   5.6412114e-03
   1.0000000e+01
   1.0000000e+01
   1.0000000e+01
   1.0000000e+01
   4.7281861e-01
   1.5502809e-02
   7.9782864e-03
   5.9931142e-03
   1.7386733e-02
   9.4776446e-03
   2.1353063e-03
   1.0000000e+01
   1.0000000e+01
   1.0000000e+01
   4.8595076e-01
   7.9976545e-02
   1.7226316e-02
   1.3877206e-02
   1.1064031e-02
   8.2183141e-03
   4.9987750e-03
   3.5230713e-03
   1.0000000e+01
   1.0000000e+01
   4.7342866e-01
   2.1063175e-02
   1.0124130e-02
   1.0115208e-02
   8.8321705e-03
   7.1626651e-03
   4.9445020e-03
   4.7726252e-03
   1.0000000e+01
   1.0000000e+01
   4.9501734e-01
   1.7121069e-02
   3.4732319e-03
   1.1337773e-03
   1.0000000e+01
   1.0000000e+01
   1.0000000e+01
   1.0000000e+01
   1.0000000e+01
   1.0000000e+01
   4.9501734e-01
   1.1556748e-02
   1.0000000e+01
   1.0000000e+01
   1.0000000e+01
   1.0000000e+01
   1.0000000e+01
   1.0000000e+01
   1.0000000e+01
   1.0000000e+01
   4.9618974e-01
   1.8547638e-02
   5.7663883e-03
   4.9098638e-03
   4.4711668e-03
   1.1483002e-02
   2.0790573e-03
   1.0000000e+01
   1.0000000e+01
   1.0000000e+01
   4.9422001e-01
   1.4813529e-02
   3.1398451e-03
   7.4062433e-03
   1.0000000e+01
   1.0000000e+01
   1.0000000e+01
   1.0000000e+01
   1.0000000e+01
   1.0000000e+01
   5.2066061e-01
   1.8081839e-02
   3.0086031e-03
   1.0000000e+01
   1.0000000e+01
   1.0000000e+01
   1.0000000e+01
   1.0000000e+01
   1.0000000e+01
   1.0000000e+01
   4.9546117e-01
   1.6858278e-02
   4.2690345e-03
   3.7119397e-03
   1.0000000e+01
   1.0000000e+01
   1.0000000e+01
   1.0000000e+01
   1.0000000e+01
   1.0000000e+01
   4.7165980e-01
   1.2755602e-02
   3.8299684e-03
   1.2417099e-03
   1.0000000e+01
   1.0000000e+01
   1.0000000e+01
   1.0000000e+01
   1.0000000e+01
   1.0000000e+01
   4.7073298e-01
   4.6603527e-03
   1.0000000e+01
   1.0000000e+01
   1.0000000e+01
   1.0000000e+01
   1.0000000e+01
   1.0000000e+01
   1.0000000e+01
   1.0000000e+01
   4.9546117e-01
   9.3444858e-03
   1.0000000e+01
   1.0000000e+01
   1.0000000e+01
   1.0000000e+01
   1.0000000e+01
   1.0000000e+01
   1.0000000e+01
   1.0000000e+01
   4.7142227e-01
   8.5343142e-03
   2.9513304e-03
   1.0000000e+01
   1.0000000e+01
   1.0000000e+01
   1.0000000e+01
   1.0000000e+01
   1.0000000e+01
   1.0000000e+01
   4.7657998e-01
   2.8902150e-02
   1.0888712e-02
   6.9056066e-03
   5.5923042e-03
   2.7366978e-03
   1.0000000e+01
   1.0000000e+01
   1.0000000e+01
   1.0000000e+01
   4.7905723e-01
   3.4187487e-02
   1.3290033e-02
   1.1279542e-02
   6.0340795e-03
   1.5412048e-03
   1.0000000e+01
   1.0000000e+01
   1.0000000e+01
   1.0000000e+01
   4.7235957e-01
   1.2619604e-02
   5.4380477e-03
   3.8655193e-03
   1.0000000e+01
   1.0000000e+01
   1.0000000e+01
   1.0000000e+01
   1.0000000e+01
   1.0000000e+01
   4.8220517e-01
   5.7013464e-02
   1.6135211e-02
   1.2634285e-02
   7.8490779e-03
   9.2097593e-03
   5.3351649e-03
   2.3575038e-03
   1.0000000e+01
   1.0000000e+01
   4.8678419e-01
   9.6554894e-02
   2.9824637e-02
   2.7749227e-02
   8.6596400e-02
   1.4126985e-02
   3.8979256e-02
   4.4841185e-02
   1.2696527e-02
   1.2547746e-02
   4.9353851e-01
   1.9755870e-01
   6.9733834e-02
   8.3048150e-02
   2.0599204e-02
   2.2512717e-02
   8.3812490e-03
   8.5413377e-03
   1.8146412e-03
   1.0000000e+01
   4.9699629e-01
   2.7675733e-01
   1.0943424e-01
   1.4228999e-01
   4.5890293e-02
   1.4646153e-01
   1.0247032e-01
   3.1387795e-02
   2.7854073e-02
   1.6345346e-02
   4.9143212e-01
   1.5655881e-01
   3.1597632e-02
   2.9100715e-02
   1.7253527e-02
   1.0187830e-02
   6.2272569e-03
   6.9739350e-03
   1.0555733e-02
   1.0000000e+01
   4.9464988e-01
   2.0435272e-01
   3.5984460e-02
   2.3864984e-02
   8.1848576e-02
   5.2249138e-02
   1.1309407e-02
   1.9684214e-02
   1.5125269e-02
   1.0264140e-02
   4.9353851e-01
   1.6175842e-01
   2.7106069e-02
   2.0070003e-02
   4.3726140e-02
   1.5382489e-02
   1.2990436e-02
   7.0096271e-03
   1.4551344e-02
   8.5580292e-03
   4.9580201e-01
   2.6364282e-01
   8.9108721e-02
   5.3336974e-02
   4.6967192e-02
   2.2228437e-02
   6.6264242e-02
   2.0604892e-02
   1.8414615e-02
   1.4854051e-02
