   6.1526500e+00
   2.8791258e-01
   4.8383328e-03
   6.0036872e-03
   3.5195359e-03
   1.3402368e+01
   1.0000000e+02
   6.1526500e+00
   2.8753538e-01
   6.3188903e-03
   5.2251913e-03
   5.7200664e+01
   1.0000000e+02
   1.0000000e+02
   6.1526500e+00
   2.8802984e-01
   4.2321371e-03
   9.9359516e-03
   2.5029129e-03
   1.1188785e-02
   9.1069893e+01
   6.1526500e+00
   2.8743041e-01
   5.8082082e-03
   6.5732866e-03
   3.4544846e-03
   4.5706733e-03
   9.7454016e+01
   6.1526500e+00
   2.8714189e-01
   8.0087594e-03
   2.3101343e-03
   8.9000157e+01
   1.0000000e+02
   1.0000000e+02
   6.1526500e+00
   2.8730409e-01
   6.0328224e-03
   5.2993066e-03
   5.3065226e-03
   7.0624068e-03
   9.2946701e+01
   6.1526500e+00
   2.8720684e-01
   7.4758911e-03
   5.5436772e-03
   7.1202720e-03
   3.0273900e-03
   9.9138515e+01
   6.1526500e+00
   2.8802365e-01
   4.1925450e-03
   8.3000289e+01
   1.0000000e+02
   1.0000000e+02
   1.0000000e+02
   6.1526500e+00
   2.8729983e-01
   7.8711545e-03
   3.9544098e-03
   7.0006275e-03
   3.5801131e+01
   1.0000000e+02
   6.1526500e+00
   2.8764275e-01
   4.7972794e-03
   9.2774579e-03
   3.1920254e-03
   8.2822944e-03
   9.5769501e+01
   6.1526500e+00
   2.8793864e-01
   7.6169323e-03
   3.5166802e-03
   4.1496025e-03
   1.9037749e-03
   9.9234654e+01
   6.1526500e+00
   2.8811871e-01
   4.8197663e-03
   1.1777998e-02
   6.5282783e-03
   2.5260556e-03
   9.9323113e+01
   6.1526500e+00
   2.8738793e-01
   5.2007846e-03
   1.0551302e-02
   7.5845268e-03
   4.8609913e-03
   9.8611646e+01
   6.1526500e+00
   2.8752420e-01
   6.1149001e-03
   8.3320236e-03
   4.6303080e-03
   5.9858134e-03
   9.5977202e+01
   6.1526500e+00
   2.8766493e-01
   6.2686150e-03
   3.8470775e-03
   9.4840745e-03
   2.8436423e-03
   9.8611638e+01
   6.1526500e+00
   2.8751894e-01
   6.4186314e-03
   5.7182449e-03
   4.7073151e-03
   6.1600796e+01
   1.0000000e+02
   6.1526500e+00
   2.8718043e-01
   1.1380159e-02
   9.0576780e-03
   3.4763513e-03
   2.5605457e-03
   9.6011809e+01
   6.1526500e+00
   2.8768317e-01
   4.4520350e-03
   9.0598670e-03
   3.2911166e-03
   3.8456695e-03
   9.7107881e+01
   6.1526500e+00
   2.8780641e-01
   4.6548597e-03
   3.8001140e+01
   1.0000000e+02
   1.0000000e+02
   1.0000000e+02
   6.1526500e+00
   2.8784535e-01
   3.8740600e-03
   3.8926390e-03
   4.3645263e-03
   3.9962592e-03
   9.9115434e+01
   6.1526500e+00
   2.8725493e-01
   8.0990574e-03
   3.9891449e-03
   1.5601342e+01
   1.0000000e+02
   1.0000000e+02
   6.1526500e+00
   2.8768010e-01
   4.4014553e-03
   7.3617469e-03
   3.7436470e-03
   4.5524780e-03
   9.7150187e+01
   6.1526500e+00
   2.8772804e-01
   5.4680266e-03
   4.4447397e-03
   4.5251047e-03
   6.0000599e+01
   1.0000000e+02
   6.1526500e+00
   2.8768010e-01
   5.2468637e-03
   6.6120967e-03
   2.8358848e-03
   1.2002551e+01
   1.0000000e+02
   6.1526500e+00
   2.8770408e-01
   3.9297170e-03
   4.0541915e-03
   3.6601792e+01
   1.0000000e+02
   1.0000000e+02
   6.1526500e+00
   2.8768100e-01
   3.6443931e-03
   3.1518488e-03
   6.5400622e+01
   1.0000000e+02
   1.0000000e+02
   6.1526500e+00
   2.8759565e-01
   5.8335433e-03
   4.2030134e-03
   4.0559348e-03
   4.3413434e-03
   9.8523166e+01
   6.1526500e+00
   2.8740394e-01
   3.4357657e-03
   2.8550427e-03
   6.7400809e+01
   1.0000000e+02
   1.0000000e+02
   6.1526500e+00
   2.8714626e-01
   4.7699890e-03
   6.2860296e-03
   7.2400674e+01
   1.0000000e+02
   1.0000000e+02
   6.1526500e+00
   2.8743189e-01
   4.7837831e-03
   3.5360631e-03
   2.4201786e+01
   1.0000000e+02
   1.0000000e+02
   6.1526500e+00
   2.8756506e-01
   5.0413618e-03
   6.7400945e+01
   1.0000000e+02
   1.0000000e+02
   1.0000000e+02
