   7.0104193e+01
   3.4465570e+01
   1.3961189e+01
   8.5500797e+00
   6.0634809e+00
   4.5466193e+00
   3.6115395e+00
   2.9920589e+00
   2.5068950e+00
   2.1567181e+00
   1.8543265e+00
   1.6403087e+00
   1.4423606e+00
   1.2785459e+00
   1.1488366e+00
   1.0177420e+00
   9.1881357e-01
   8.2854110e-01
   7.5552213e-01
   6.9073395e-01
   6.2588896e-01
   5.7999190e-01
   5.1797045e-01
   4.8702775e-01
   4.4410149e-01
   4.0216001e-01
   3.7410141e-01
   3.5272588e-01
   3.1918617e-01
   2.9364671e-01
   2.5949494e-01
   2.5700001e-01
   2.3393159e-01
   2.1674585e-01
   2.1519766e-01
   1.9072589e-01
   1.7265589e-01
   1.6549024e-01
   1.5012405e-01
   1.4347714e-01
   1.2880200e-01
   1.1822581e-01
   1.1278854e-01
   1.0629895e-01
   1.0218496e-01
   9.5418330e-02
   9.1920185e-02
   9.1315342e-02
   8.3603966e-02
   9.3805240e-02
   7.0740957e-02
   6.8713008e-02
   6.2682521e-02
   6.0377023e-02
   5.4500176e-02
   5.3207635e-02
   7.0123534e+01
   3.4374747e+01
   1.5274668e+01
   9.6483849e+00
   6.9273997e+00
   5.2006797e+00
   4.1531059e+00
   3.4032669e+00
   2.8770256e+00
   2.4150612e+00
   2.0861253e+00
   1.8401305e+00
   1.6506738e+00
   1.3977379e+00
   1.3431214e+00
   1.1286353e+00
   1.0112277e+00
   8.9182768e-01
   8.5184927e-01
   7.6295795e-01
   7.1739691e-01
   6.9373865e-01
   5.9063884e-01
   5.5479006e-01
   5.0069618e-01
   4.6304798e-01
   4.4419820e-01
   4.1500041e-01
   3.6378658e-01
   3.5374092e-01
   3.0121040e-01
   3.0228403e-01
   2.8171502e-01
   2.6376803e-01
   2.5811777e-01
   2.1838659e-01
   2.1210884e-01
   2.1767204e-01
   1.7424478e-01
   1.5389749e-01
   1.6408191e-01
   1.4356697e-01
   1.2912032e-01
   1.3703106e-01
   1.2176561e-01
   1.2739684e-01
   1.1312918e-01
   9.9640934e-02
   1.0020667e-01
   8.6248047e-02
   8.5247694e-02
   6.6751049e-02
   7.3740703e-02
   6.9020122e-02
   6.6519234e-02
   6.2764045e-02
   7.0359590e+01
   2.5289412e+01
   1.1698354e+01
   7.5956755e+00
   5.4614249e+00
   4.2081051e+00
   3.3619350e+00
   2.7621581e+00
   2.3367409e+00
   2.0194367e+00
   1.7532381e+00
   1.5439257e+00
   1.3439885e+00
   1.2214500e+00
   1.0570491e+00
   9.5813844e-01
   8.7462584e-01
   7.8713116e-01
   6.8867358e-01
   6.2570688e-01
   6.1392719e-01
   5.4440661e-01
   5.0013320e-01
   4.7061836e-01
   4.3264332e-01
   3.8335575e-01
   3.7582842e-01
   3.2405829e-01
   2.8827453e-01
   2.5985381e-01
   2.7017407e-01
   2.2671624e-01
   2.2679898e-01
   2.0888437e-01
   2.1942579e-01
   1.7009330e-01
   1.7000017e-01
   1.6735040e-01
   1.4749307e-01
   1.1606961e-01
   1.4192602e-01
   1.2194645e-01
   1.1019384e-01
   1.0309926e-01
   9.6009098e-02
   1.0065582e-01
   8.9045345e-02
   8.0300905e-02
   7.6118950e-02
   6.0894863e-02
   7.1929074e-02
   6.5153927e-02
   5.9948729e-02
   4.8740323e-02
   5.5514406e-02
   4.9437543e-02
   6.9503475e+01
   2.2261394e+01
   1.0363095e+01
   6.8093397e+00
   4.9359714e+00
   3.8496520e+00
   3.1046892e+00
   2.5854885e+00
   2.1740727e+00
   1.9013256e+00
   1.6429304e+00
   1.4580252e+00
   1.2512025e+00
   1.1455965e+00
   9.9322733e-01
   9.0259971e-01
   8.4426303e-01
   7.6646692e-01
   6.8662883e-01
   5.9262079e-01
   5.8915768e-01
   5.1013862e-01
   4.7986320e-01
   4.6314473e-01
   4.3423444e-01
   3.7794512e-01
   3.6750712e-01
   3.2940112e-01
   3.1295131e-01
   2.8949050e-01
   2.6995987e-01
   2.4629230e-01
   2.3374222e-01
   2.1529107e-01
   2.0591625e-01
   1.9065736e-01
   1.7511341e-01
   1.6637003e-01
   1.4916520e-01
   1.4372171e-01
   1.3401756e-01
   1.2150033e-01
   1.1500338e-01
   1.0695671e-01
   9.7501981e-02
   8.9554183e-02
   8.8223402e-02
   8.2527577e-02
   7.6706353e-02
   7.3722444e-02
   6.9205217e-02
   6.1676599e-02
   5.8534086e-02
   3.9519150e-02
   4.7786825e-02
   3.8059909e-02
   6.9383559e+01
   1.8507813e+01
   8.5671192e+00
   5.7284974e+00
   4.0972108e+00
   3.2500522e+00
   2.5757886e+00
   2.1889492e+00
   1.8424685e+00
   1.6298933e+00
   1.4003542e+00
   1.2513181e+00
   1.0328882e+00
   1.0144092e+00
   8.0586193e-01
   8.1906400e-01
   7.5930769e-01
   7.3575204e-01
   5.8964153e-01
   5.3388103e-01
   5.0371540e-01
   4.1451230e-01
   4.4544966e-01
   4.1499166e-01
   3.8237072e-01
   3.3035336e-01
   3.1828929e-01
   2.6313058e-01
   2.8613301e-01
   2.4193344e-01
   2.1965213e-01
   2.3577299e-01
   2.0360352e-01
   1.7958866e-01
   1.6251304e-01
   1.8187329e-01
   1.5364095e-01
   1.1614285e-01
   1.3787750e-01
   1.3443897e-01
   1.2539156e-01
   1.2579417e-01
   1.0853007e-01
   7.3461484e-02
   4.7718401e-02
   8.8741513e-02
   8.9581677e-02
   1.1027471e-01
   6.2805204e-02
   1.1573197e-01
   6.4853711e-02
   7.4886258e-02
   7.4192980e-02
   9.2187130e-02
   4.1929197e-02
   2.2479886e-02
   7.0473498e+01
   2.0935040e+01
   9.5672207e+00
   6.2439775e+00
   4.5923526e+00
   3.5287896e+00
   2.8572655e+00
   2.3708877e+00
   2.0002109e+00
   1.7276523e+00
   1.5064382e+00
   1.3224343e+00
   1.1692232e+00
   1.0458153e+00
   9.3505797e-01
   8.3494728e-01
   7.8324298e-01
   7.0600469e-01
   6.3587929e-01
   5.6256761e-01
   5.2976449e-01
   4.7781339e-01
   4.4733286e-01
   4.1504728e-01
   3.8672915e-01
   3.5468631e-01
   3.2748713e-01
   3.0006296e-01
   2.8632681e-01
   2.6427498e-01
   2.3409193e-01
   2.3523908e-01
   2.1026795e-01
   1.9689682e-01
   1.7074472e-01
   1.7768838e-01
   1.6187930e-01
   1.5450767e-01
   1.4332443e-01
   1.3527872e-01
   1.2582403e-01
   1.1602914e-01
   1.1505197e-01
   1.0215627e-01
   9.2423208e-02
   9.6292679e-02
   9.0625287e-02
   8.0393932e-02
   7.1919135e-02
   7.8482477e-02
   6.9912408e-02
   6.7385927e-02
   6.2047455e-02
   6.2925815e-02
   5.7299231e-02
   5.0241354e-02
   6.9467551e+01
   2.0408353e+01
   9.3255119e+00
   5.9933751e+00
   4.3251376e+00
   3.3013288e+00
   2.6318554e+00
   2.1787947e+00
   1.8035749e+00
   1.5580464e+00
   1.3482297e+00
   1.1881238e+00
   1.0313024e+00
   9.2610510e-01
   8.2080701e-01
   7.3387132e-01
   6.7369589e-01
   6.0934126e-01
   5.5463560e-01
   4.8481912e-01
   4.5349635e-01
   4.2052359e-01
   3.8915838e-01
   3.6354029e-01
   3.3306288e-01
   3.0565509e-01
   2.8482140e-01
   2.6359217e-01
   2.4141033e-01
   2.2434877e-01
   2.0286097e-01
   2.0362088e-01
   1.7909474e-01
   1.6364307e-01
   1.6754025e-01
   1.4211898e-01
   1.3988208e-01
   1.2912782e-01
   1.1114085e-01
   1.0797956e-01
   1.0495928e-01
   9.4763156e-02
   9.6165110e-02
   8.8819598e-02
   8.5581076e-02
   7.2120192e-02
   7.0375636e-02
   6.4419927e-02
   6.8227062e-02
   4.3885322e-02
   3.7751225e-02
   4.7629941e-02
   3.9274911e-02
   3.2328598e-02
   4.7832937e-02
   3.8582853e-02
   6.8441678e+01
   2.9357327e+01
   1.3486760e+01
   8.6103918e+00
   6.1646340e+00
   4.6707685e+00
   3.7055385e+00
   3.0391890e+00
   2.5500454e+00
   2.1507731e+00
   1.8569512e+00
   1.6221084e+00
   1.4093835e+00
   1.2575410e+00
   1.1158869e+00
   9.8569016e-01
   8.8847706e-01
   8.0333679e-01
   7.3014809e-01
   6.7519451e-01
   6.1221101e-01
   5.5897059e-01
   5.1066486e-01
   4.8111499e-01
   4.3433067e-01
   4.0055703e-01
   3.7222543e-01
   3.4629958e-01
   3.1679208e-01
   2.9593369e-01
   2.7153641e-01
   2.5747565e-01
   2.3506453e-01
   2.2137792e-01
   2.1765424e-01
   1.8839056e-01
   1.8078504e-01
   1.7508849e-01
   1.5546504e-01
   1.4860870e-01
   1.3732360e-01
   1.2893241e-01
   1.2000821e-01
   1.2152351e-01
   1.1649042e-01
   9.7983353e-02
   1.0420809e-01
   8.4577505e-02
   8.5196973e-02
   6.0958059e-02
   5.9015817e-02
   6.8034423e-02
   6.1072807e-02
   5.1230785e-02
   7.0566088e-02
   5.2597843e-02
   6.8825936e+01
   3.0564725e+01
   1.3854903e+01
   8.8708917e+00
   6.3773193e+00
   4.8323331e+00
   3.8464509e+00
   3.1576738e+00
   2.6275889e+00
   2.2550276e+00
   1.9168615e+00
   1.6853447e+00
   1.4875519e+00
   1.3258602e+00
   1.1753523e+00
   1.0641615e+00
   9.5118421e-01
   8.6054192e-01
   7.8034754e-01
   7.2932505e-01
   6.4822064e-01
   5.9478118e-01
   5.6206797e-01
   5.1190988e-01
   4.6553580e-01
   4.3070292e-01
   3.9489090e-01
   3.6195587e-01
   3.4395141e-01
   3.2003318e-01
   2.9549632e-01
   2.7324582e-01
   2.5464202e-01
   2.3870752e-01
   2.1746649e-01
   2.0950090e-01
   1.9254532e-01
   1.8195821e-01
   1.6677787e-01
   1.6061071e-01
   1.5023417e-01
   1.4170406e-01
   1.3228124e-01
   1.2743131e-01
   1.1873949e-01
   1.1011420e-01
   1.0595781e-01
   9.8470003e-02
   9.3062154e-02
   8.6702759e-02
   7.9641346e-02
   7.4150212e-02
   6.6855519e-02
   6.7256044e-02
   6.3112212e-02
   6.0776616e-02
   6.9028352e+01
   3.2432620e+01
   1.3356592e+01
   8.2852073e+00
   5.8831315e+00
   4.4082816e+00
   3.4936835e+00
   2.8667665e+00
   2.3982934e+00
   2.0288162e+00
   1.7523602e+00
   1.5310040e+00
   1.3489464e+00
   1.1907438e+00
   1.0625155e+00
   9.4796424e-01
   8.6531643e-01
   7.7882684e-01
   7.0654136e-01
   6.4093482e-01
   5.9002441e-01
   5.4414203e-01
   4.9938665e-01
   4.6165040e-01
   4.2418634e-01
   3.9513878e-01
   3.6550552e-01
   3.3801096e-01
   3.1578933e-01
   2.9497186e-01
   2.7213369e-01
   2.5899511e-01
   2.4286680e-01
   2.2495407e-01
   2.0818973e-01
   1.9639343e-01
   1.8344622e-01
   1.6877315e-01
   1.6331321e-01
   1.4688811e-01
   1.3925891e-01
   1.2850915e-01
   1.1910089e-01
   1.1445316e-01
   1.0867779e-01
   1.0275439e-01
   9.8102507e-02
   8.8221968e-02
   8.5234875e-02
   8.2762050e-02
   7.2121881e-02
   6.7704295e-02
   6.1630007e-02
   5.3916788e-02
   5.1984963e-02
   4.9403107e-02
   6.8293159e+01
   3.7683714e+01
   1.6488424e+01
   1.0258847e+01
   7.2238802e+00
   5.3428919e+00
   4.1627367e+00
   3.3654406e+00
   2.7564155e+00
   2.3241240e+00
   1.9698963e+00
   1.7063467e+00
   1.4738010e+00
   1.2910151e+00
   1.1408493e+00
   1.0168965e+00
   9.0040929e-01
   8.2399996e-01
   7.3543198e-01
   6.4343876e-01
   6.0038492e-01
   5.4258386e-01
   4.9969596e-01
   4.7852112e-01
   4.2605717e-01
   3.8821162e-01
   3.5939687e-01
   3.3099916e-01
   3.0838778e-01
   2.8654861e-01
   2.6415009e-01
   2.3861847e-01
   2.3040939e-01
   2.1494825e-01
   2.0024133e-01
   1.8814840e-01
   1.7502352e-01
   1.6518396e-01
   1.5522507e-01
   1.4427792e-01
   1.3246240e-01
   1.3181928e-01
   1.1844984e-01
   1.1128174e-01
   1.0351396e-01
   1.0152190e-01
   9.6334877e-02
   8.7097411e-02
   8.5850048e-02
   8.1964409e-02
   7.5501667e-02
   6.8992573e-02
   6.5556130e-02
   6.0803559e-02
   5.6080535e-02
   5.5750096e-02
   6.9449192e+01
   1.1782080e+01
   5.1302551e+00
   3.2280991e+00
   2.3088732e+00
   1.7270233e+00
   1.3769623e+00
   1.1367015e+00
   9.5047955e-01
   8.1126731e-01
   6.9950466e-01
   6.1427735e-01
   5.3538244e-01
   4.7956430e-01
   4.2715069e-01
   3.9306796e-01
   3.4055017e-01
   3.1632825e-01
   2.8612469e-01
   2.7534856e-01
   2.4013984e-01
   2.2062542e-01
   2.0362926e-01
   1.8572716e-01
   1.7792473e-01
   1.6154975e-01
   1.5061051e-01
   1.4752966e-01
   1.3348026e-01
   1.2292147e-01
   1.1930370e-01
   1.0612104e-01
   9.8276629e-02
   9.4762034e-02
   8.1688155e-02
   7.7567082e-02
   7.4063499e-02
   7.4466402e-02
   7.5109986e-02
   5.7564088e-02
   5.7446134e-02
   5.8906601e-02
   4.5293789e-02
   4.5206959e-02
   4.3501724e-02
   4.3298570e-02
   3.8107961e-02
   3.7765391e-02
   3.5556705e-02
   2.7737180e-02
   3.0493394e-02
   2.7216819e-02
   2.5551391e-02
   2.7971348e-02
   2.1227149e-02
   2.0542598e-02
   7.0181635e+01
   5.4829138e+00
   2.3223445e+00
   1.4969191e+00
   1.0563008e+00
   8.0990053e-01
   6.4446945e-01
   5.3228925e-01
   4.4611112e-01
   3.8111628e-01
   3.3400086e-01
   2.9948079e-01
   2.5266430e-01
   2.2909217e-01
   2.0369615e-01
   1.7742516e-01
   1.6866816e-01
   1.4677922e-01
   1.3331447e-01
   1.1278529e-01
   1.1234446e-01
   1.0392264e-01
   9.1285309e-02
   9.3225928e-02
   7.9851319e-02
   7.4843958e-02
   7.3126480e-02
   6.3073254e-02
   6.1436350e-02
   5.4280295e-02
   5.8858632e-02
   4.4561773e-02
   4.2372460e-02
   3.8783303e-02
   3.5743832e-02
   3.4500165e-02
   3.0388658e-02
   3.0959175e-02
   2.7249757e-02
   2.6873901e-02
   2.4972263e-02
   2.3876044e-02
   2.3577850e-02
   2.0617947e-02
   1.9707453e-02
   1.6190713e-02
   1.7519279e-02
   1.6619368e-02
   1.2742682e-02
   9.8458694e-03
   1.2049494e-02
   1.1603637e-02
   8.9575273e-03
   7.7606490e-03
   1.0443150e-02
   8.5428601e-03
   6.9324124e+01
   7.6427762e+00
   3.1347393e+00
   1.9853717e+00
   1.4228721e+00
   1.0632779e+00
   8.5034273e-01
   6.9236930e-01
   5.8659722e-01
   5.0336129e-01
   4.3331020e-01
   3.7838569e-01
   3.3932748e-01
   2.9855384e-01
   2.7215280e-01
   2.3692020e-01
   2.2360199e-01
   2.0006195e-01
   1.7888393e-01
   1.5563369e-01
   1.5105127e-01
   1.3640845e-01
   1.2648352e-01
   1.2055332e-01
   1.0763961e-01
   1.0015920e-01
   8.3115039e-02
   8.3121860e-02
   7.5954466e-02
   7.1897002e-02
   6.5963742e-02
   5.6913717e-02
   5.5965331e-02
   5.1977845e-02
   5.0868011e-02
   4.4723624e-02
   4.2243389e-02
   4.1665494e-02
   3.7379989e-02
   3.5749652e-02
   3.0783884e-02
   2.9924985e-02
   3.0077875e-02
   2.7303624e-02
   2.3175797e-02
   2.2662371e-02
   2.0319274e-02
   2.0118162e-02
   1.9024793e-02
   2.0114666e-02
   1.6776523e-02
   1.7156960e-02
   1.5199626e-02
   1.8568288e-02
   1.2441137e-02
   1.4576888e-02
   6.9155570e+01
   8.6893639e+00
   3.4998656e+00
   2.1449669e+00
   1.5018252e+00
   1.1139692e+00
   8.7612714e-01
   7.1987231e-01
   6.2521870e-01
   5.0512992e-01
   4.3630618e-01
   3.8109647e-01
   3.2914659e-01
   3.0176938e-01
   2.6974747e-01
   2.3414632e-01
   2.2215774e-01
   1.9349073e-01
   1.7484502e-01
   1.5407907e-01
   1.4776614e-01
   1.3486707e-01
   1.2311604e-01
   1.1607725e-01
   1.0558874e-01
   9.4296207e-02
   8.1817240e-02
   8.0619460e-02
   7.2858681e-02
   6.9334745e-02
   6.3117737e-02
   6.0172776e-02
   5.4308667e-02
   4.8482571e-02
   4.3845501e-02
   4.0805083e-02
   3.8860423e-02
   3.6020223e-02
   3.7621127e-02
   2.8801112e-02
   2.3802094e-02
   1.9467952e-02
   1.8948799e-02
   2.0067141e-02
   1.7127545e-02
   1.7604393e-02
   1.4319764e-02
   1.5577470e-02
   1.0898251e-02
   1.6406355e-02
   1.1659944e-02
   9.6047526e-03
   1.0464530e-02
   2.2131932e-03
   9.1197521e-03
   5.7851807e-03
   6.9191039e+01
   5.7164284e+00
   2.3093211e+00
   1.4556829e+00
   1.0485993e+00
   7.8229828e-01
   6.2157568e-01
   5.1800320e-01
   4.5511888e-01
   3.7364262e-01
   3.2471761e-01
   2.9582492e-01
   2.5243456e-01
   2.2838155e-01
   2.0757533e-01
   1.7638431e-01
   1.5748493e-01
   1.5611345e-01
   1.4276924e-01
   1.4274254e-01
   1.1723779e-01
   1.0651954e-01
   1.0058477e-01
   8.6280224e-02
   8.6454081e-02
   7.8394520e-02
   7.5931581e-02
   6.4089569e-02
   6.1115585e-02
   5.6923063e-02
   5.8773115e-02
   5.4632030e-02
   4.4371596e-02
   4.0880472e-02
   3.4199895e-02
   3.6375476e-02
   3.1360960e-02
   3.1289599e-02
   1.6689533e-02
   2.5108787e-02
   2.1585817e-02
   2.2904667e-02
   2.2674661e-02
   2.0038377e-02
   1.8970565e-02
   1.5156752e-02
   1.8369136e-02
   1.5403465e-02
   1.1345871e-02
   1.2856091e-02
   1.1477641e-02
   1.1569197e-02
   1.0411699e-02
   4.5833954e-03
   8.8412880e-03
   7.3117772e-03
   6.9419282e+01
   1.7519521e+01
   6.5212518e+00
   3.7960437e+00
   2.5980868e+00
   1.8482708e+00
   1.4144893e+00
   1.1347188e+00
   9.3580869e-01
   7.8753298e-01
   6.5990644e-01
   5.6364495e-01
   4.9763159e-01
   4.3555776e-01
   3.8504275e-01
   3.5206971e-01
   3.1937866e-01
   2.8075850e-01
   2.5406313e-01
   2.2018897e-01
   2.1520480e-01
   1.9583086e-01
   1.7815844e-01
   1.7241054e-01
   1.5276172e-01
   1.4417184e-01
   1.2750903e-01
   1.1729041e-01
   1.1193110e-01
   1.0438207e-01
   9.8580861e-02
   9.5372953e-02
   8.2140731e-02
   7.8132780e-02
   6.9050659e-02
   6.5296386e-02
   5.6555704e-02
   5.9055452e-02
   4.8349345e-02
   4.5235963e-02
   4.1889507e-02
   4.0027387e-02
   3.5700850e-02
   3.3061306e-02
   3.0646108e-02
   2.8535662e-02
   2.3224743e-02
   2.2961975e-02
   2.2858960e-02
   2.4986476e-02
   1.9357315e-02
   1.8902551e-02
   1.6255595e-02
   8.2456979e-03
   1.4422533e-02
   1.0259001e-02
   6.8133888e+01
   3.2342094e+01
   1.2231943e+01
   7.1290931e+00
   4.8185617e+00
   3.4835819e+00
   2.6678351e+00
   2.1245854e+00
   1.7451859e+00
   1.4459025e+00
   1.2185203e+00
   1.0530806e+00
   9.1233739e-01
   7.9726647e-01
   7.0449878e-01
   6.2603595e-01
   5.6146451e-01
   5.0552636e-01
   4.5321338e-01
   3.9836096e-01
   3.7607435e-01
   3.4646160e-01
   3.1619342e-01
   2.8578777e-01
   2.7107948e-01
   2.5049449e-01
   2.2930070e-01
   2.1803411e-01
   1.9686317e-01
   1.8229493e-01
   1.7562712e-01
   1.6170383e-01
   1.4752328e-01
   1.3729314e-01
   1.2645173e-01
   1.1570853e-01
   1.0722745e-01
   9.9662967e-02
   9.2281543e-02
   8.2865620e-02
   7.5064295e-02
   7.0444140e-02
   6.7989727e-02
   5.8789978e-02
   5.5039969e-02
   5.2816617e-02
   4.4513467e-02
   4.1677344e-02
   4.0260910e-02
   3.5489894e-02
   3.5210996e-02
   3.2805889e-02
   2.7201578e-02
   2.6698788e-02
   2.4462425e-02
   2.1575637e-02
   6.9259563e+01
   1.5589278e+01
   6.0798153e+00
   3.6454918e+00
   2.5469291e+00
   1.8745045e+00
   1.4714971e+00
   1.2032711e+00
   9.7580412e-01
   8.4909843e-01
   7.3429453e-01
   6.5360911e-01
   5.5659961e-01
   5.0422534e-01
   4.5206223e-01
   4.0534087e-01
   3.8264255e-01
   3.3254497e-01
   3.0340758e-01
   2.7292855e-01
   2.5625144e-01
   2.3166512e-01
   2.1437579e-01
   1.9989441e-01
   1.8340077e-01
   1.6857561e-01
   1.5633306e-01
   1.4462160e-01
   1.3225954e-01
   1.2259951e-01
   1.1487555e-01
   1.0681002e-01
   9.5520764e-02
   8.9092698e-02
   8.5481266e-02
   7.4450510e-02
   7.1651645e-02
   6.6346173e-02
   6.3214774e-02
   5.7198692e-02
   5.2023229e-02
   4.6644093e-02
   4.4400745e-02
   4.0901682e-02
   3.6906546e-02
   3.2723126e-02
   3.4257112e-02
   2.9393821e-02
   2.7308175e-02
   2.3941733e-02
   2.4760200e-02
   2.2251099e-02
   2.1501535e-02
   1.6636646e-02
   1.8673486e-02
   1.8851821e-02
   6.8232065e+01
   3.3103038e+01
   1.3099498e+01
   7.8175579e+00
   5.3601330e+00
   3.9184856e+00
   3.0343123e+00
   2.4457933e+00
   2.0153233e+00
   1.6958811e+00
   1.4480634e+00
   1.2613128e+00
   1.1079464e+00
   9.8077274e-01
   8.7683225e-01
   7.8032672e-01
   7.2043026e-01
   6.4778867e-01
   5.8875188e-01
   5.4398304e-01
   4.9196125e-01
   4.4836054e-01
   4.1278077e-01
   3.7862454e-01
   3.5045925e-01
   3.2117925e-01
   2.9553912e-01
   2.7105816e-01
   2.4497337e-01
   2.2430693e-01
   2.0607630e-01
   1.8487574e-01
   1.7057937e-01
   1.5385962e-01
   1.4076481e-01
   1.2862966e-01
   1.1667460e-01
   1.0554930e-01
   1.0091342e-01
   8.7219542e-02
   7.9260167e-02
   7.4662655e-02
   6.2821339e-02
   6.0257064e-02
   5.4550167e-02
   5.0514301e-02
   4.7281559e-02
   4.2542853e-02
   3.6723592e-02
   3.1160936e-02
   2.9909648e-02
   3.1492853e-02
   2.4478098e-02
   2.5785457e-02
   2.1953708e-02
   2.1458455e-02
   6.8474949e+01
   2.3144176e+01
   9.4279615e+00
   5.6693263e+00
   3.9322425e+00
   2.8839472e+00
   2.2402079e+00
   1.8110920e+00
   1.4545333e+00
   1.2639368e+00
   1.0849758e+00
   9.5662353e-01
   8.2937871e-01
   7.3873598e-01
   6.6282339e-01
   5.8290630e-01
   5.5061631e-01
   4.8463126e-01
   4.3664382e-01
   3.7618491e-01
   3.6712441e-01
   3.3646531e-01
   3.0676015e-01
   2.7712659e-01
   2.5691852e-01
   2.3526650e-01
   2.1438579e-01
   1.9565844e-01
   1.7683678e-01
   1.6184110e-01
   1.4548885e-01
   1.3146571e-01
   1.2290415e-01
   1.1164541e-01
   1.0261760e-01
   9.0320361e-02
   8.1941533e-02
   7.9272081e-02
   7.8673357e-02
   6.2859518e-02
   5.3974972e-02
   5.3423127e-02
   4.8717855e-02
   4.4403569e-02
   3.7141404e-02
   3.4747660e-02
   2.8131724e-02
   3.0379386e-02
   2.7333807e-02
   2.9863262e-02
   2.2242439e-02
   2.2263400e-02
   1.8345590e-02
   1.6816304e-02
   1.7645470e-02
   1.3327795e-02
   6.9775673e+01
   1.2429767e+01
   5.3786429e+00
   3.4747771e+00
   2.5088597e+00
   1.9122118e+00
   1.5389543e+00
   1.2727069e+00
   1.0859045e+00
   9.3405604e-01
   8.0166559e-01
   7.0266808e-01
   6.3034378e-01
   5.5731732e-01
   4.9894973e-01
   4.6729445e-01
   4.1625615e-01
   3.7182808e-01
   3.4045873e-01
   3.1729298e-01
   2.8359510e-01
   2.5763031e-01
   2.3885628e-01
   2.2220377e-01
   2.0386858e-01
   1.8962845e-01
   1.7066222e-01
   1.6277471e-01
   1.4705064e-01
   1.3865440e-01
   1.3647667e-01
   1.2672169e-01
   1.0620015e-01
   9.9177158e-02
   9.2980066e-02
   8.4494019e-02
   7.6430627e-02
   7.4147785e-02
   6.6377733e-02
   6.2702154e-02
   5.7257073e-02
   5.3314562e-02
   4.8575897e-02
   4.3877632e-02
   4.2117667e-02
   3.8235583e-02
   3.4643527e-02
   3.1504275e-02
   2.7053723e-02
   3.2191049e-02
   2.5742598e-02
   1.9858940e-02
   2.1031475e-02
   2.4717305e-02
   1.9408588e-02
   1.5435619e-02
   7.0535302e+01
   5.0960973e+00
   2.2689619e+00
   1.5355906e+00
   1.1756325e+00
   9.2080581e-01
   7.5290144e-01
   6.5031418e-01
   5.2520834e-01
   4.8831702e-01
   4.3058140e-01
   3.8696980e-01
   3.5385429e-01
   3.1007380e-01
   2.8445847e-01
   2.5700283e-01
   2.2935709e-01
   2.1506804e-01
   2.0156141e-01
   1.9850065e-01
   1.7002929e-01
   1.5203264e-01
   1.4508895e-01
   1.4164825e-01
   1.2482769e-01
   1.1329412e-01
   1.0288258e-01
   1.0248517e-01
   9.0918536e-02
   8.7425962e-02
   8.6201948e-02
   8.1762544e-02
   6.9937608e-02
   6.4633834e-02
   5.6999144e-02
   5.5746053e-02
   5.2120272e-02
   4.9271986e-02
   5.0316269e-02
   4.3280752e-02
   4.0853572e-02
   4.2699205e-02
   3.8800869e-02
   3.5932334e-02
   3.1869172e-02
   3.1143785e-02
   2.7768818e-02
   2.6316802e-02
   2.5884831e-02
   2.5339916e-02
   2.1008405e-02
   1.8849590e-02
   2.0026780e-02
   1.4045159e-02
   1.8079807e-02
   1.4234829e-02
   6.9869275e+01
   1.2655241e+01
   4.9542966e+00
   3.0018661e+00
   2.1036694e+00
   1.5428418e+00
   1.2138081e+00
   9.9005325e-01
   8.3477372e-01
   7.0608133e-01
   5.9734472e-01
   5.1420117e-01
   4.6847384e-01
   4.1190831e-01
   3.6782911e-01
   3.2853437e-01
   2.8885902e-01
   2.7346090e-01
   2.4878787e-01
   2.4712828e-01
   2.0955209e-01
   1.8996023e-01
   1.8009782e-01
   1.7480721e-01
   1.5217038e-01
   1.4289673e-01
   1.2079487e-01
   1.2230868e-01
   1.1061083e-01
   1.0300945e-01
   8.8385106e-02
   8.4534764e-02
   8.2610185e-02
   7.5449005e-02
   7.3789399e-02
   6.3778677e-02
   6.0770009e-02
   5.8793673e-02
   5.8502125e-02
   4.6263629e-02
   4.3676625e-02
   4.0865793e-02
   3.8342757e-02
   3.5722031e-02
   3.1895027e-02
   2.7695932e-02
   3.2742340e-02
   2.7486128e-02
   2.3728841e-02
   1.8022628e-02
   1.9242539e-02
   2.0744148e-02
   1.6475675e-02
   1.8037044e-02
   1.6663676e-02
   1.4722637e-02
   6.8482037e+01
   3.4444141e+01
   1.3473658e+01
   7.9701013e+00
   5.4479927e+00
   3.9399001e+00
   3.0284447e+00
   2.4301437e+00
   1.9610587e+00
   1.6556499e+00
   1.4014752e+00
   1.2122011e+00
   1.0438985e+00
   9.2967886e-01
   8.1959650e-01
   7.3967784e-01
   6.4900709e-01
   5.9996794e-01
   5.4368371e-01
   5.1114297e-01
   4.5523446e-01
   4.1748170e-01
   3.8672265e-01
   3.6166843e-01
   3.2805184e-01
   3.0252027e-01
   2.7877093e-01
   2.5407431e-01
   2.3641421e-01
   2.1830113e-01
   1.9784174e-01
   1.8827720e-01
   1.7065001e-01
   1.5466143e-01
   1.4536568e-01
   1.3577309e-01
   1.2248075e-01
   1.1127788e-01
   1.0252381e-01
   9.0792743e-02
   8.5156802e-02
   7.4754974e-02
   7.0656428e-02
   6.3248851e-02
   5.5262183e-02
   5.2709693e-02
   5.0796675e-02
   4.2064330e-02
   3.8784513e-02
   3.3669043e-02
   3.0525890e-02
   2.8546310e-02
   2.7773564e-02
   2.6178051e-02
   2.4587633e-02
   2.1087502e-02
   6.8845042e+01
   3.5058441e+01
   1.4869997e+01
   9.4244608e+00
   6.8413217e+00
   5.2469982e+00
   4.2242261e+00
   3.5388087e+00
   2.9967884e+00
   2.6032449e+00
   2.2710168e+00
   2.0205390e+00
   1.8073218e+00
   1.6305939e+00
   1.4885258e+00
   1.3474241e+00
   1.2306619e+00
   1.1397046e+00
   1.0560753e+00
   9.9732833e-01
   9.0125444e-01
   8.4543830e-01
   7.8409401e-01
   7.3601241e-01
   6.8675670e-01
   6.4397062e-01
   5.9391773e-01
   5.6498946e-01
   5.3090283e-01
   4.9722680e-01
   4.7022642e-01
   4.3541523e-01
   4.1216476e-01
   3.8665325e-01
   3.5947081e-01
   3.4076913e-01
   3.2013177e-01
   2.9739977e-01
   2.8813644e-01
   2.6104694e-01
   2.4721738e-01
   2.2811040e-01
   2.1593108e-01
   1.9953372e-01
   1.8553655e-01
   1.7383361e-01
   1.6408769e-01
   1.4949633e-01
   1.4011272e-01
   1.3017203e-01
   1.1772585e-01
   1.0895158e-01
   9.9823707e-02
   9.3151312e-02
   8.7377603e-02
   8.0789918e-02
   6.9590225e+01
   2.5198647e+01
   9.7400285e+00
   5.7899647e+00
   3.9942705e+00
   2.9476037e+00
   2.2988766e+00
   1.8700004e+00
   1.5392133e+00
   1.3086875e+00
   1.1158970e+00
   9.7413680e-01
   8.5135254e-01
   7.5701174e-01
   6.8127921e-01
   6.0618428e-01
   5.5941763e-01
   4.9991761e-01
   4.5429600e-01
   4.0167611e-01
   3.8610329e-01
   3.5437959e-01
   3.2243112e-01
   2.9221520e-01
   2.7556579e-01
   2.5808977e-01
   2.3890183e-01
   2.3129902e-01
   2.0247726e-01
   1.8812562e-01
   1.7715248e-01
   1.6838256e-01
   1.4914361e-01
   1.4092004e-01
   1.3274490e-01
   1.1876036e-01
   1.0908538e-01
   1.0057187e-01
   9.3562287e-02
   8.5850100e-02
   8.0369697e-02
   7.1888197e-02
   6.5824413e-02
   6.2841733e-02
   6.0175752e-02
   5.1704636e-02
   4.4961910e-02
   4.3623164e-02
   4.2106660e-02
   3.5018235e-02
   3.5888962e-02
   3.3003041e-02
   2.9633662e-02
   2.5495459e-02
   2.5198444e-02
   2.1401574e-02
   6.8298868e+01
   4.7183022e+01
   1.8426229e+01
   1.0768463e+01
   7.2382948e+00
   5.2459425e+00
   4.0044460e+00
   3.1923796e+00
   2.5781668e+00
   2.1553838e+00
   1.8232584e+00
   1.5667333e+00
   1.3434431e+00
   1.1989569e+00
   1.0382808e+00
   9.3943835e-01
   8.4966883e-01
   7.6456529e-01
   6.8687314e-01
   6.1767719e-01
   5.7470907e-01
   5.3040634e-01
   4.8613149e-01
   4.5489908e-01
   4.1534936e-01
   3.8036537e-01
   3.5682870e-01
   3.1749122e-01
   3.0072809e-01
   2.7723046e-01
   2.5367112e-01
   2.3218784e-01
   2.1597879e-01
   1.9595118e-01
   1.8073635e-01
   1.6784242e-01
   1.5132228e-01
   1.3802950e-01
   1.4396472e-01
   1.1504995e-01
   1.0639156e-01
   9.4242762e-02
   8.9343164e-02
   8.0428514e-02
   7.3423114e-02
   6.9518386e-02
   6.2661472e-02
   5.4146220e-02
   4.6769591e-02
   4.1614036e-02
   4.0891493e-02
   3.5232117e-02
   3.5160123e-02
   3.0255699e-02
   3.1620544e-02
   2.6594573e-02
   6.4775257e+01
   4.2074951e+01
   1.6558255e+01
   9.7040890e+00
   6.5477701e+00
   4.7511689e+00
   3.6324701e+00
   2.9063055e+00
   2.3562338e+00
   1.9678778e+00
   1.6605896e+00
   1.4388208e+00
   1.2387362e+00
   1.0900518e+00
   9.5877771e-01
   8.5615619e-01
   7.7892757e-01
   6.9427544e-01
   6.2957913e-01
   5.8969068e-01
   5.2732857e-01
   4.8611713e-01
   4.4631116e-01
   4.0438163e-01
   3.7295329e-01
   3.4577380e-01
   3.1927553e-01
   2.9115698e-01
   2.6900810e-01
   2.4891927e-01
   2.2572253e-01
   2.1125087e-01
   1.9268785e-01
   1.7501982e-01
   1.5942842e-01
   1.4760890e-01
   1.3568186e-01
   1.1888850e-01
   1.2226001e-01
   9.9231235e-02
   9.2037357e-02
   8.0159637e-02
   7.6634876e-02
   6.6499876e-02
   6.0696027e-02
   5.8700627e-02
   4.7383486e-02
   4.2210647e-02
   3.7409940e-02
   2.6465413e-02
   3.3081934e-02
   2.6507606e-02
   2.4319115e-02
   2.6558463e-02
   1.9457187e-02
   1.9432263e-02
   6.8124832e+01
   3.1164315e+01
   1.2293432e+01
   7.3312646e+00
   5.0672381e+00
   3.6806333e+00
   2.8500728e+00
   2.3142297e+00
   1.9307934e+00
   1.6025106e+00
   1.3603596e+00
   1.1879553e+00
   1.0265128e+00
   9.1719281e-01
   8.1132641e-01
   7.3568961e-01
   6.5264679e-01
   5.9300384e-01
   5.3999048e-01
   5.2063441e-01
   4.5994312e-01
   4.2287192e-01
   3.8502877e-01
   3.5327331e-01
   3.2339865e-01
   2.9651554e-01
   2.7815462e-01
   2.5311620e-01
   2.2997673e-01
   2.1142605e-01
   1.9996435e-01
   1.7601488e-01
   1.6725761e-01
   1.4836748e-01
   1.3134204e-01
   1.2610904e-01
   1.1471999e-01
   9.9328135e-02
   9.9063139e-02
   8.2043578e-02
   7.8282417e-02
   7.0555269e-02
   6.7001531e-02
   5.5331074e-02
   5.1374255e-02
   4.9839486e-02
   4.2450119e-02
   3.6539449e-02
   3.3487804e-02
   3.1170914e-02
   2.8954893e-02
   2.4309498e-02
   2.3389365e-02
   1.9468699e-02
   1.7449975e-02
   1.6380237e-02
   7.0063753e+01
   1.9932873e+01
   8.1310143e+00
   4.9349571e+00
   3.4253133e+00
   2.5824620e+00
   2.0328877e+00
   1.6760922e+00
   1.4157469e+00
   1.1935289e+00
   1.0332444e+00
   9.1129839e-01
   7.8629826e-01
   7.1382414e-01
   6.3128201e-01
   5.6252674e-01
   5.2780885e-01
   4.7480825e-01
   4.2779211e-01
   3.6393723e-01
   3.5297821e-01
   3.2547479e-01
   3.0596094e-01
   2.8195536e-01
   2.6294144e-01
   2.4278873e-01
   2.2351256e-01
   2.0908779e-01
   1.9868108e-01
   1.8239513e-01
   1.7381211e-01
   1.4866998e-01
   1.3957056e-01
   1.3314834e-01
   1.3176326e-01
   1.2135174e-01
   1.0588185e-01
   1.0563258e-01
   1.0290052e-01
   8.9902114e-02
   8.9748666e-02
   7.7671049e-02
   7.9187067e-02
   7.3917205e-02
   6.2336964e-02
   6.5434642e-02
   6.6155860e-02
   5.7586924e-02
   4.9011092e-02
   4.7294408e-02
   4.3363440e-02
   4.2941177e-02
   3.9924863e-02
   4.3389049e-02
   4.0682200e-02
   3.1511450e-02
   6.9992602e+01
   3.0082031e+01
   1.4361286e+01
   9.6124727e+00
   7.1724799e+00
   5.6531186e+00
   4.6350148e+00
   3.9403171e+00
   3.3771412e+00
   2.9447405e+00
   2.5833649e+00
   2.3102727e+00
   2.0599376e+00
   1.8699733e+00
   1.6821667e+00
   1.5369316e+00
   1.4199331e+00
   1.2861325e+00
   1.1831925e+00
   1.0956796e+00
   1.0252959e+00
   9.4504690e-01
   8.6566184e-01
   8.0800330e-01
   7.5386787e-01
   7.0269527e-01
   6.5784604e-01
   6.1479303e-01
   5.7606291e-01
   5.4025421e-01
   5.0271147e-01
   4.8214249e-01
   4.5463257e-01
   4.2081894e-01
   3.9318162e-01
   3.7220230e-01
   3.5495699e-01
   3.2662961e-01
   3.2144946e-01
   2.9265293e-01
   2.7469297e-01
   2.6180335e-01
   2.4652225e-01
   2.2889816e-01
   2.2236947e-01
   2.0115022e-01
   1.8465626e-01
   1.7728127e-01
   1.7215271e-01
   1.6083694e-01
   1.5248542e-01
   1.3929035e-01
   1.3080083e-01
   1.2027401e-01
   1.0847406e-01
   1.0919363e-01
   6.9637621e+01
   3.2387420e+01
   1.4051439e+01
   9.0950182e+00
   6.6759156e+00
   5.2063612e+00
   4.2418876e+00
   3.5785807e+00
   3.0521082e+00
   2.6633368e+00
   2.3510440e+00
   2.0977203e+00
   1.8697723e+00
   1.6935941e+00
   1.5284405e+00
   1.3948000e+00
   1.2873666e+00
   1.1731193e+00
   1.0745174e+00
   9.7844935e-01
   9.2166624e-01
   8.5556159e-01
   7.9617710e-01
   7.3966980e-01
   6.9083638e-01
   6.4409912e-01
   6.0327806e-01
   5.6504551e-01
   5.2859382e-01
   4.9815751e-01
   4.7156963e-01
   4.3534299e-01
   4.0951308e-01
   3.8328074e-01
   3.6620644e-01
   3.4384371e-01
   3.2310926e-01
   3.0522148e-01
   2.8588166e-01
   2.6553499e-01
   2.5866818e-01
   2.3678537e-01
   2.2669344e-01
   2.1196333e-01
   1.9733404e-01
   1.8931925e-01
   1.7975928e-01
   1.6373779e-01
   1.5289382e-01
   1.4437527e-01
   1.3681077e-01
   1.2786164e-01
   1.1911589e-01
   1.1206566e-01
   1.1111842e-01
   1.0136443e-01
   6.9828738e+01
   1.5953022e+01
   6.8382424e+00
   4.2891599e+00
   3.0674212e+00
   2.3423678e+00
   1.8822057e+00
   1.5628430e+00
   1.3177010e+00
   1.1356472e+00
   9.9143453e-01
   8.8128430e-01
   7.7915015e-01
   6.9935905e-01
   6.3483401e-01
   5.7435939e-01
   5.1208158e-01
   4.7721646e-01
   4.4057778e-01
   4.0576180e-01
   3.6478612e-01
   3.3472131e-01
   3.1328867e-01
   2.9717849e-01
   2.7338742e-01
   2.5436994e-01
   2.3611376e-01
   2.1615051e-01
   2.0701543e-01
   1.9175370e-01
   1.7941813e-01
   1.6435671e-01
   1.5617741e-01
   1.5106686e-01
   1.4545698e-01
   1.3114436e-01
   1.2461714e-01
   1.2223851e-01
   1.1256105e-01
   1.0947962e-01
   9.9668007e-02
   9.8771526e-02
   8.8312260e-02
   8.5612575e-02
   7.8544843e-02
   7.0955226e-02
   7.0116814e-02
   6.7206164e-02
   6.1132777e-02
   5.7125511e-02
   5.3962618e-02
   5.0896673e-02
   4.9262514e-02
   4.7688853e-02
   4.8221412e-02
   3.8325424e-02
   7.0248842e+01
   1.0006930e+01
   4.1855825e+00
   2.5747763e+00
   1.8044190e+00
   1.3353804e+00
   1.0459392e+00
   8.4952767e-01
   6.9568847e-01
   5.9005370e-01
   5.0812647e-01
   4.4378069e-01
   3.8862927e-01
   3.3707341e-01
   3.0099197e-01
   2.7335924e-01
   2.4076294e-01
   2.2248430e-01
   1.9872804e-01
   1.8688691e-01
   1.6824309e-01
   1.5971404e-01
   1.4472235e-01
   1.4033775e-01
   1.2433837e-01
   1.1540490e-01
   1.0366690e-01
   9.9354247e-02
   9.1007474e-02
   9.0081194e-02
   8.0532489e-02
   7.8859721e-02
   7.3369854e-02
   6.6126974e-02
   5.8584502e-02
   6.5646871e-02
   5.4694428e-02
   5.2319029e-02
   5.4879355e-02
   4.4374959e-02
   4.6169489e-02
   4.1893713e-02
   4.2302993e-02
   3.5077274e-02
   3.3949378e-02
   3.6756192e-02
   3.2157681e-02
   2.7848702e-02
   2.4706213e-02
   2.5883696e-02
   2.0065567e-02
   1.9757451e-02
   1.4804942e-02
   1.4392074e-02
   1.4314982e-02
   1.4549839e-02
   7.0296157e+01
   8.8927999e+00
   3.8811621e+00
   2.4587624e+00
   1.7681107e+00
   1.3045719e+00
   1.0376018e+00
   8.3744546e-01
   7.1116505e-01
   5.7860720e-01
   4.9916521e-01
   4.3792000e-01
   3.8388389e-01
   3.3251966e-01
   2.9585931e-01
   2.5407729e-01
   2.2834541e-01
   2.1315534e-01
   1.9148400e-01
   1.5977419e-01
   1.4549262e-01
   1.3395870e-01
   1.3132864e-01
   1.2060158e-01
   1.0401823e-01
   9.6324357e-02
   9.2095193e-02
   8.4973861e-02
   7.4999491e-02
   7.1885350e-02
   7.7111502e-02
   5.5011810e-02
   4.8587555e-02
   5.8294625e-02
   5.3402216e-02
   4.0218201e-02
   4.3377010e-02
   3.8781336e-02
   3.1310881e-02
   4.3786245e-02
   2.8392727e-02
   2.8269900e-02
   2.9689706e-02
   2.2265149e-02
   3.2668030e-02
   1.8812594e-02
   3.4762864e-02
   2.0857517e-02
   1.7897300e-02
   2.0055930e-02
   1.5562460e-02
   1.6408910e-02
   2.1353156e-02
   1.6862228e-02
   2.2794094e-02
   1.3051572e-02
   6.9769912e+01
   1.3202799e+01
   5.7546495e+00
   3.6401110e+00
   2.6064465e+00
   1.9621886e+00
   1.5623093e+00
   1.2830612e+00
   1.0639928e+00
   9.1140509e-01
   7.8553461e-01
   6.8752917e-01
   6.0206773e-01
   5.3912978e-01
   4.7469513e-01
   4.3455710e-01
   3.8142172e-01
   3.4688422e-01
   3.1893275e-01
   2.9218311e-01
   2.6677374e-01
   2.4239468e-01
   2.2760501e-01
   2.1634833e-01
   1.9692957e-01
   1.8555124e-01
   1.7033285e-01
   1.6127700e-01
   1.4982946e-01
   1.4019727e-01
   1.3568847e-01
   1.2458530e-01
   1.1509732e-01
   1.0928831e-01
   1.0306343e-01
   9.5685309e-02
   9.3575756e-02
   9.1901739e-02
   7.6584960e-02
   8.1172905e-02
   7.5541171e-02
   7.1063256e-02
   6.7596411e-02
   6.4144874e-02
   5.9375305e-02
   6.0188291e-02
   5.4038326e-02
   5.1568743e-02
   5.0229919e-02
   4.2389073e-02
   4.1424947e-02
   4.0486471e-02
   4.0700532e-02
   3.7005931e-02
   3.3707430e-02
   2.9454386e-02
   7.1253330e+01
   6.7555237e+00
   2.7634317e+00
   1.7321638e+00
   1.2360766e+00
   9.1730589e-01
   7.3705011e-01
   5.9926090e-01
   4.8596252e-01
   4.3689310e-01
   3.6813490e-01
   3.2138220e-01
   2.9433333e-01
   2.5590628e-01
   2.3275384e-01
   2.1839157e-01
   1.8194169e-01
   1.7026419e-01
   1.5339346e-01
   1.5481715e-01
   1.2668928e-01
   1.0936765e-01
   1.0826509e-01
   9.7602337e-02
   9.4252644e-02
   8.6979815e-02
   7.5441204e-02
   7.7833823e-02
   7.1564984e-02
   6.4271705e-02
   6.6999161e-02
   5.0137697e-02
   5.4880718e-02
   5.3732380e-02
   4.8359154e-02
   4.6382677e-02
   4.2932272e-02
   3.9761920e-02
   5.1787031e-02
   3.8925443e-02
   3.7343509e-02
   3.4446569e-02
   3.2168207e-02
   3.2371783e-02
   2.9660569e-02
   2.6331709e-02
   2.7584922e-02
   2.7558277e-02
   2.3774627e-02
   3.3905507e-02
   2.4705601e-02
   2.5254106e-02
   2.0736401e-02
   1.9368203e-02
   2.1448696e-02
   1.6699696e-02
   7.0888068e+01
   4.8986645e+00
   2.0951599e+00
   1.3847300e+00
   1.0040401e+00
   7.8415518e-01
   6.3190066e-01
   5.4064347e-01
   4.4474036e-01
   3.9533770e-01
   3.3390023e-01
   2.8919254e-01
   2.6606378e-01
   2.3690339e-01
   2.0992941e-01
   2.0750837e-01
   1.4940421e-01
   1.5783772e-01
   1.4097119e-01
   1.4546009e-01
   1.1842319e-01
   1.1352700e-01
   1.0477671e-01
   1.0200739e-01
   9.2184674e-02
   8.5369617e-02
   7.3667379e-02
   6.8322277e-02
   6.7327109e-02
   6.3233332e-02
   5.9319962e-02
   5.4820530e-02
   5.3311221e-02
   4.5300773e-02
   4.2761552e-02
   4.3259957e-02
   4.1820049e-02
   3.6129029e-02
   3.8835235e-02
   3.2978517e-02
   2.9342330e-02
   2.7380042e-02
   2.7732013e-02
   2.2871378e-02
   2.3567325e-02
   2.4189832e-02
   1.8960430e-02
   1.9309429e-02
   1.7313558e-02
   1.2649389e-02
   1.2498451e-02
   9.9740245e-03
   1.0374227e-02
   9.0107780e-03
   8.2267065e-03
   6.4416182e-03
   7.1000193e+01
   2.9766725e+00
   1.2158768e+00
   8.2073040e-01
   5.9429444e-01
   4.5264646e-01
   3.8128441e-01
   3.0972158e-01
   2.6825164e-01
   2.4723160e-01
   2.0305857e-01
   1.8757823e-01
   1.6463678e-01
   1.3765863e-01
   1.2544404e-01
   1.3268783e-01
   9.0806003e-02
   7.5277628e-02
   8.8900232e-02
   1.1335922e-01
   7.1134655e-02
   6.4031858e-02
   5.9468176e-02
   5.9067900e-02
   5.4041836e-02
   4.8655786e-02
   4.7567317e-02
   4.4243418e-02
   4.1372767e-02
   3.6253115e-02
   3.2397830e-02
   3.3477649e-02
   2.8091993e-02
   3.4022817e-02
   3.2879811e-02
   2.5580472e-02
   2.3097237e-02
   2.2454956e-02
   1.6942241e-02
   1.9783086e-02
   1.8209798e-02
   2.5737904e-02
   1.7488910e-02
   1.6486541e-02
   1.4771557e-02
   1.8295970e-02
   1.4630916e-02
   1.3306256e-02
   1.2695018e-02
   2.4555366e-02
   1.3526817e-02
   1.2613135e-02
   1.4552563e-02
   1.4226341e-02
   1.2475007e-02
   1.4070111e-02
   7.1454784e+01
   2.1763402e+00
   8.8030102e-01
   6.0221256e-01
   4.6774379e-01
   3.5520727e-01
   2.8567101e-01
   2.4220988e-01
   2.1281671e-01
   1.8340533e-01
   1.5752289e-01
   1.4635969e-01
   1.2867977e-01
   1.0398304e-01
   1.0152608e-01
   1.0831310e-01
   9.2554919e-02
   7.9184762e-02
   7.3514815e-02
   5.1530248e-02
   5.9265224e-02
   5.4709854e-02
   5.1710449e-02
   4.9770904e-02
   4.5152500e-02
   4.3042115e-02
   4.0197838e-02
   3.9235823e-02
   3.7813543e-02
   3.1332351e-02
   3.3725176e-02
   3.2698921e-02
   3.0503297e-02
   3.2572623e-02
   2.6777262e-02
   2.7061372e-02
   2.6748192e-02
   2.5449926e-02
   2.4656519e-02
   2.2421800e-02
   2.1423624e-02
   1.8677059e-02
   1.8811782e-02
   1.8507836e-02
   1.8079798e-02
   1.5302863e-02
   1.6985304e-02
   1.7921662e-02
   1.5696957e-02
   2.1325681e-02
   1.6362021e-02
   1.5142438e-02
   1.4978608e-02
   1.5555141e-02
   1.2764457e-02
   1.2652343e-02
   7.1610656e+01
   3.4330614e+00
   1.4635513e+00
   1.0130544e+00
   7.3455508e-01
   5.9036425e-01
   4.9976472e-01
   4.0572535e-01
   3.2346911e-01
   3.1315096e-01
   2.7407768e-01
   2.4739197e-01
   2.3026334e-01
   2.0123299e-01
   1.9076614e-01
   1.7209909e-01
   1.4881157e-01
   1.4915244e-01
   1.3716539e-01
   1.3259870e-01
   1.0872647e-01
   1.3186350e-01
   9.5565213e-02
   9.4278371e-02
   8.8181129e-02
   7.7526978e-02
   7.7659181e-02
   7.0648639e-02
   6.6728351e-02
   6.0019880e-02
   6.2214856e-02
   5.6245841e-02
   5.3870676e-02
   4.9691481e-02
   4.5730577e-02
   4.7131228e-02
   4.4316788e-02
   4.5276749e-02
   4.1044292e-02
   3.8508870e-02
   3.9085215e-02
   3.7804642e-02
   3.4192243e-02
   3.1050511e-02
   3.0161495e-02
   2.3969419e-02
   2.5691233e-02
   2.4769884e-02
   2.3122091e-02
   2.7009581e-02
   2.2330329e-02
   2.1846953e-02
   1.9904366e-02
   1.9439442e-02
   2.0557128e-02
   2.0469292e-02
   7.1551048e+01
   2.9226466e+00
   1.2809428e+00
   8.7844845e-01
   6.4448062e-01
   5.2817276e-01
   4.3082337e-01
   3.6842317e-01
   3.2609713e-01
   2.7484719e-01
   2.4373399e-01
   2.1287309e-01
   1.8622459e-01
   1.7031133e-01
   1.4841895e-01
   1.4050275e-01
   1.4799446e-01
   1.2093250e-01
   1.0911510e-01
   7.2593327e-02
   9.3735053e-02
   8.6647035e-02
   8.5835481e-02
   7.8747007e-02
   7.3127128e-02
   6.4484697e-02
   6.3249752e-02
   6.0644759e-02
   5.7851730e-02
   5.1465213e-02
   5.1380484e-02
   4.9038830e-02
   4.6105499e-02
   4.6451248e-02
   4.3981643e-02
   4.0045087e-02
   3.8137141e-02
   3.9204960e-02
   3.5225299e-02
   3.4070034e-02
   3.2263727e-02
   2.7949990e-02
   2.9616680e-02
   2.8441476e-02
   2.7682993e-02
   2.0849504e-02
   2.2924617e-02
   2.2779636e-02
   1.9587897e-02
   1.7234305e-02
   1.6940123e-02
   1.6518758e-02
   1.5731774e-02
   1.3548473e-02
   1.3812533e-02
   1.3788396e-02
   7.1551767e+01
   3.2728762e+00
   1.5525794e+00
   1.1249470e+00
   8.8064729e-01
   7.1463780e-01
   5.9419572e-01
   5.1087329e-01
   4.3655336e-01
   3.7248517e-01
   3.2904273e-01
   3.0314556e-01
   2.3824223e-01
   2.2029471e-01
   1.8735298e-01
   1.5728694e-01
   1.5712317e-01
   1.3463503e-01
   1.1877401e-01
   8.4869190e-02
   8.4629778e-02
   7.4942851e-02
   7.7666490e-02
   6.4382954e-02
   5.6764440e-02
   5.2411679e-02
   4.3457903e-02
   4.1134836e-02
   3.7071806e-02
   3.5351588e-02
   3.0096400e-02
   3.0526765e-02
   2.7614703e-02
   2.7816743e-02
   2.4342267e-02
   2.0410279e-02
   1.9636214e-02
   2.1299580e-02
   1.7253081e-02
   1.4681986e-02
   1.3928213e-02
   1.2964355e-02
   1.2425534e-02
   1.1447472e-02
   1.3386669e-02
   1.1532038e-02
   9.6960139e-03
   9.6061013e-03
   9.4350561e-03
   6.4572197e-03
   8.0608033e-03
   8.7139743e-03
   9.8798582e-03
   6.2586935e-03
   5.7315391e-03
   7.3580736e-03
   7.2056221e+01
   2.3930788e+00
   8.3753901e-01
   5.7199132e-01
   3.8580958e-01
   3.3386301e-01
   2.8212123e-01
   2.2250568e-01
   1.9675359e-01
   1.9613387e-01
   1.5901669e-01
   1.5290366e-01
   1.3771040e-01
   1.1797023e-01
   1.2211355e-01
   7.5699869e-02
   7.6402766e-02
   8.1569221e-02
   7.5536680e-02
   8.0497816e-02
   6.1577548e-02
   6.1385733e-02
   5.8539569e-02
   5.3072880e-02
   4.9785297e-02
   4.7018413e-02
   4.4355562e-02
   4.1783684e-02
   4.0600795e-02
   3.9591565e-02
   3.8265480e-02
   3.5499287e-02
   3.3884761e-02
   3.0971967e-02
   2.8815243e-02
   3.0557387e-02
   3.0608601e-02
   3.0289379e-02
   2.7020496e-02
   2.6143513e-02
   2.4174824e-02
   2.2942793e-02
   2.2850299e-02
   2.0512019e-02
   2.0892573e-02
   1.8997375e-02
   1.8234802e-02
   1.6869586e-02
   1.7261899e-02
   1.2728132e-02
   1.5875668e-02
   1.4715100e-02
   1.4487730e-02
   1.5208683e-02
   1.1773539e-02
   1.0836152e-02
