   6.9977343e+01
   4.7565754e+01
   1.9225430e+01
   1.1715563e+01
   8.2564879e+00
   6.2402879e+00
   5.0506561e+00
   4.1183573e+00
   3.4834143e+00
   2.9662504e+00
   2.5965850e+00
   2.2860196e+00
   2.0409696e+00
   1.8533599e+00
   1.7175321e+00
   1.5017484e+00
   1.3847135e+00
   1.2899078e+00
   1.1673065e+00
   1.0698454e+00
   9.8760360e-01
   9.0401302e-01
   8.3907759e-01
   7.7594433e-01
   7.1878347e-01
   6.6068091e-01
   6.2445505e-01
   5.8451062e-01
   5.3997494e-01
   5.0722492e-01
   4.7091061e-01
   4.4284956e-01
   4.0561003e-01
   3.8292125e-01
   3.4343353e-01
   3.4364617e-01
   3.3019999e-01
   2.9388105e-01
   2.9267861e-01
   2.7562350e-01
   2.4530624e-01
   2.4030842e-01
   2.2625107e-01
   2.1483495e-01
   2.0305868e-01
   1.9473811e-01
   1.7491893e-01
   1.7262506e-01
   1.6318597e-01
   1.5328458e-01
   1.4642568e-01
   1.4013809e-01
   1.3431585e-01
   1.2298980e-01
   1.1683539e-01
   1.1487059e-01
   7.0041054e+01
   4.5924326e+01
   2.0284433e+01
   1.3017158e+01
   9.3719327e+00
   7.0924807e+00
   5.8100217e+00
   4.7873583e+00
   3.9573540e+00
   3.3577085e+00
   2.9413506e+00
   2.5667357e+00
   2.2583797e+00
   2.1459773e+00
   1.9351738e+00
   1.6405817e+00
   1.5684809e+00
   1.4025322e+00
   1.3169747e+00
   1.2051354e+00
   1.1102228e+00
   1.0254023e+00
   9.5514166e-01
   8.9260646e-01
   8.2811825e-01
   7.7016835e-01
   7.0970402e-01
   6.6954746e-01
   6.2875299e-01
   5.7781468e-01
   5.4379515e-01
   5.1245362e-01
   4.7141866e-01
   4.4313496e-01
   4.1944106e-01
   4.1039765e-01
   3.8162161e-01
   3.5123428e-01
   3.4911634e-01
   3.3381888e-01
   2.9387348e-01
   2.8985021e-01
   2.7240436e-01
   2.6093081e-01
   2.4236588e-01
   2.3253877e-01
   2.1577386e-01
   2.0728907e-01
   1.9497615e-01
   1.8229864e-01
   1.7839299e-01
   1.6870369e-01
   1.6438234e-01
   1.5111015e-01
   1.4324627e-01
   1.3957717e-01
   7.0331924e+01
   3.4545609e+01
   1.5444072e+01
   1.0060253e+01
   7.1105453e+00
   5.7141853e+00
   4.5910899e+00
   3.7696405e+00
   3.2583059e+00
   2.8480706e+00
   2.4901422e+00
   2.1934868e+00
   1.9377253e+00
   1.6766783e+00
   1.5501273e+00
   1.4681879e+00
   1.2229058e+00
   1.2319391e+00
   1.0907312e+00
   1.0066842e+00
   9.3252499e-01
   8.4457958e-01
   7.8682050e-01
   7.3124181e-01
   6.8006090e-01
   6.3714237e-01
   5.8902543e-01
   5.5027105e-01
   5.1943303e-01
   4.7728533e-01
   4.5138501e-01
   4.1183731e-01
   3.9211176e-01
   3.6048018e-01
   3.4060615e-01
   3.2423651e-01
   3.2003942e-01
   2.8220160e-01
   2.8442338e-01
   2.5129244e-01
   2.2880201e-01
   2.3128713e-01
   2.2300101e-01
   2.0903782e-01
   1.9810123e-01
   1.8890841e-01
   1.7622882e-01
   1.6769159e-01
   1.6173343e-01
   1.4779046e-01
   1.4058373e-01
   1.3726706e-01
   1.3107298e-01
   1.1609397e-01
   1.1324006e-01
   1.0961406e-01
   6.9473721e+01
   3.0675255e+01
   1.3659412e+01
   8.8556116e+00
   6.4340076e+00
   5.2163913e+00
   4.1808750e+00
   3.4880894e+00
   3.0385282e+00
   2.6443447e+00
   2.3135465e+00
   2.0691494e+00
   1.8324734e+00
   1.5838588e+00
   1.4448391e+00
   1.4071682e+00
   1.2111357e+00
   1.1436550e+00
   1.0441844e+00
   9.5250207e-01
   8.8447845e-01
   8.2149162e-01
   7.5344662e-01
   7.0825612e-01
   6.5900531e-01
   6.1912490e-01
   5.8329732e-01
   5.3622086e-01
   5.0922491e-01
   4.7456940e-01
   4.4712023e-01
   4.1313741e-01
   3.9282697e-01
   3.7232321e-01
   3.4613199e-01
   3.2078825e-01
   3.2029986e-01
   2.8492905e-01
   2.8914446e-01
   2.6050682e-01
   2.4548094e-01
   2.3509732e-01
   2.2486683e-01
   2.1659503e-01
   2.0213181e-01
   1.9375161e-01
   1.7918559e-01
   1.7328397e-01
   1.6239021e-01
   1.5337942e-01
   1.4771684e-01
   1.3972591e-01
   1.2952789e-01
   1.2585613e-01
   1.1561344e-01
   1.0949363e-01
   6.9330752e+01
   2.6040219e+01
   1.1376281e+01
   7.3730695e+00
   5.3478014e+00
   4.3394142e+00
   3.4284390e+00
   2.8874053e+00
   2.5971342e+00
   2.3034330e+00
   2.0378691e+00
   1.7817777e+00
   1.6076871e+00
   1.3111904e+00
   1.1858183e+00
   1.2426844e+00
   1.0052701e+00
   9.8886998e-01
   8.8666656e-01
   8.1397989e-01
   7.6986956e-01
   6.8812529e-01
   6.4881870e-01
   6.0471319e-01
   5.5453917e-01
   5.1491825e-01
   4.8781718e-01
   4.6179922e-01
   4.1488778e-01
   4.0631986e-01
   3.8379168e-01
   3.4679840e-01
   3.5441658e-01
   3.3936124e-01
   3.1041528e-01
   2.6101038e-01
   2.7341679e-01
   2.5996774e-01
   2.3959417e-01
   2.0202200e-01
   2.0816518e-01
   1.9920727e-01
   1.9114501e-01
   1.8545853e-01
   1.8133361e-01
   1.6320874e-01
   1.5417498e-01
   1.5188008e-01
   1.4503394e-01
   1.3377207e-01
   1.2185432e-01
   1.2389233e-01
   1.0894846e-01
   1.0963520e-01
   9.8996157e-02
   9.9162016e-02
   7.0440901e+01
   2.9388749e+01
   1.2583171e+01
   8.1805856e+00
   5.9508186e+00
   4.7489714e+00
   3.8532589e+00
   3.2313064e+00
   2.7688850e+00
   2.4030466e+00
   2.1209970e+00
   1.8761852e+00
   1.6734873e+00
   1.5125804e+00
   1.3210705e+00
   1.2340766e+00
   1.1115489e+00
   1.0230355e+00
   9.4844615e-01
   8.8572037e-01
   8.1243080e-01
   7.4714604e-01
   6.9854525e-01
   6.3752838e-01
   6.0008640e-01
   5.6195621e-01
   5.3235730e-01
   4.8985845e-01
   4.6608219e-01
   4.3326374e-01
   4.1250089e-01
   3.8380529e-01
   3.5431305e-01
   3.4138779e-01
   3.1129963e-01
   2.9891138e-01
   2.8983762e-01
   2.5897524e-01
   2.5965567e-01
   2.4039700e-01
   2.3147075e-01
   2.1596878e-01
   2.0631046e-01
   1.9862875e-01
   1.8697398e-01
   1.7920626e-01
   1.6773267e-01
   1.6217091e-01
   1.5404556e-01
   1.4707280e-01
   1.3524014e-01
   1.3336784e-01
   1.2201177e-01
   1.1659895e-01
   1.0977619e-01
   1.0397892e-01
   6.9456150e+01
   2.8397247e+01
   1.2399781e+01
   7.9802292e+00
   5.7220801e+00
   4.4402509e+00
   3.6185727e+00
   2.9772567e+00
   2.5469892e+00
   2.2011092e+00
   1.9102463e+00
   1.6885968e+00
   1.5036726e+00
   1.3221237e+00
   1.2129868e+00
   1.0908920e+00
   9.6143629e-01
   9.4291203e-01
   8.3601519e-01
   7.7031081e-01
   7.1554400e-01
   6.5769793e-01
   6.0901169e-01
   5.6186819e-01
   5.3516384e-01
   4.8833153e-01
   4.5905138e-01
   4.2675776e-01
   4.0918403e-01
   3.6997217e-01
   3.5655812e-01
   3.3168575e-01
   3.0378971e-01
   2.8651461e-01
   2.6873110e-01
   2.5959620e-01
   2.4710826e-01
   2.1867414e-01
   2.2245120e-01
   2.0369920e-01
   1.8961116e-01
   1.8478786e-01
   1.7609189e-01
   1.6194799e-01
   1.5541768e-01
   1.4513693e-01
   1.3858889e-01
   1.2771747e-01
   1.2281175e-01
   1.1408933e-01
   1.1814105e-01
   1.0748940e-01
   1.0095457e-01
   9.7538202e-02
   9.2612528e-02
   9.4254958e-02
   6.8363785e+01
   3.9869856e+01
   1.7757613e+01
   1.1546646e+01
   8.3783978e+00
   6.3685128e+00
   5.1807507e+00
   4.2410061e+00
   3.5353183e+00
   3.0556921e+00
   2.6567537e+00
   2.3008147e+00
   2.0165435e+00
   1.8344940e+00
   1.6610504e+00
   1.5093722e+00
   1.3416657e+00
   1.2600433e+00
   1.1347411e+00
   1.0380737e+00
   9.5971979e-01
   8.8417051e-01
   8.1670073e-01
   7.5817092e-01
   6.9552138e-01
   6.5539541e-01
   6.0347120e-01
   5.6688835e-01
   5.3961784e-01
   4.9615303e-01
   4.6783596e-01
   4.3860463e-01
   4.0830581e-01
   3.8211553e-01
   3.5769646e-01
   3.4691564e-01
   3.2884917e-01
   2.9854316e-01
   2.9356586e-01
   2.7208557e-01
   2.5227974e-01
   2.4218636e-01
   2.2943926e-01
   2.1939696e-01
   2.0330401e-01
   1.9740640e-01
   1.8621364e-01
   1.7370496e-01
   1.6498819e-01
   1.5886634e-01
   1.5396061e-01
   1.4313600e-01
   1.3970684e-01
   1.3021997e-01
   1.2493539e-01
   1.1882783e-01
   6.8739241e+01
   4.1473824e+01
   1.8366718e+01
   1.1888588e+01
   8.5719681e+00
   6.5105991e+00
   5.3053811e+00
   4.4281727e+00
   3.7216234e+00
   3.1951277e+00
   2.7740463e+00
   2.4427168e+00
   2.1652755e+00
   1.9452009e+00
   1.7209273e+00
   1.5489485e+00
   1.4478194e+00
   1.2760663e+00
   1.2008895e+00
   1.1007768e+00
   1.0050398e+00
   9.3498986e-01
   8.6301105e-01
   8.0479568e-01
   7.3718248e-01
   6.8749837e-01
   6.4398933e-01
   6.0696404e-01
   5.7079001e-01
   5.2822548e-01
   5.0175608e-01
   4.6860595e-01
   4.3885231e-01
   4.1451968e-01
   3.8719825e-01
   3.6822551e-01
   3.4482455e-01
   3.2767278e-01
   3.0307854e-01
   2.9037006e-01
   2.7863805e-01
   2.6354210e-01
   2.4824974e-01
   2.3480361e-01
   2.2412712e-01
   2.0912314e-01
   1.9738452e-01
   1.8995712e-01
   1.8329254e-01
   1.7248223e-01
   1.6257158e-01
   1.5763998e-01
   1.4864746e-01
   1.4234454e-01
   1.3666626e-01
   1.2937611e-01
   6.8924720e+01
   4.4704774e+01
   1.8194126e+01
   1.1357454e+01
   7.9495827e+00
   6.0439217e+00
   4.8762976e+00
   4.0049970e+00
   3.3694849e+00
   2.8809597e+00
   2.5101465e+00
   2.1893459e+00
   1.9449306e+00
   1.7272426e+00
   1.5742455e+00
   1.4231103e+00
   1.2804406e+00
   1.1684288e+00
   1.0758295e+00
   9.8734831e-01
   9.1208146e-01
   8.4185290e-01
   7.7824361e-01
   7.2200878e-01
   6.7595167e-01
   6.2677253e-01
   5.8544411e-01
   5.4877420e-01
   5.1362860e-01
   4.8329556e-01
   4.5280108e-01
   4.2605015e-01
   4.0122730e-01
   3.7869104e-01
   3.6018634e-01
   3.3931313e-01
   3.1743206e-01
   3.0458222e-01
   2.8897248e-01
   2.7514283e-01
   2.5817806e-01
   2.4555252e-01
   2.3271124e-01
   2.1992394e-01
   2.0916746e-01
   1.9857689e-01
   1.8961690e-01
   1.7818238e-01
   1.6819606e-01
   1.6180212e-01
   1.5107512e-01
   1.4550983e-01
   1.3761950e-01
   1.3023834e-01
   1.2083493e-01
   1.1977384e-01
   6.8158610e+01
   5.0635077e+01
   2.2180763e+01
   1.4050756e+01
   9.7542821e+00
   7.4774211e+00
   5.9378583e+00
   4.8112432e+00
   3.9841207e+00
   3.3894789e+00
   2.8970479e+00
   2.5112202e+00
   2.2100664e+00
   1.9641132e+00
   1.7522724e+00
   1.5493549e+00
   1.3986471e+00
   1.2660176e+00
   1.1632297e+00
   1.0570835e+00
   9.6524698e-01
   8.8653750e-01
   8.2222031e-01
   7.5415988e-01
   6.9666784e-01
   6.4886658e-01
   5.8870885e-01
   5.5937685e-01
   5.2782023e-01
   4.8118320e-01
   4.5639212e-01
   4.2456133e-01
   3.9834483e-01
   3.6414881e-01
   3.5471783e-01
   3.2700592e-01
   3.0978994e-01
   2.9766735e-01
   2.7233965e-01
   2.6356802e-01
   2.4904569e-01
   2.3801196e-01
   2.2258587e-01
   2.0721015e-01
   1.9931372e-01
   1.9321736e-01
   1.8248379e-01
   1.7099903e-01
   1.6504401e-01
   1.5768828e-01
   1.4751360e-01
   1.3619573e-01
   1.3321008e-01
   1.3020210e-01
   1.2381367e-01
   1.1289613e-01
   6.9454449e+01
   1.6977336e+01
   6.8179136e+00
   4.3315536e+00
   3.1054792e+00
   2.3406781e+00
   1.9041791e+00
   1.5765851e+00
   1.3309432e+00
   1.1510660e+00
   9.9836870e-01
   8.7092712e-01
   7.9071484e-01
   6.8740678e-01
   6.1937074e-01
   5.6992614e-01
   5.1437194e-01
   4.6992616e-01
   4.3773775e-01
   4.0364506e-01
   3.6671880e-01
   3.4157075e-01
   3.1859871e-01
   2.9513826e-01
   2.7296726e-01
   2.5578896e-01
   2.3722982e-01
   2.2448411e-01
   2.0768876e-01
   2.0238472e-01
   1.8798204e-01
   1.7708160e-01
   1.6458269e-01
   1.5353418e-01
   1.4745296e-01
   1.4414398e-01
   1.3547483e-01
   1.2582321e-01
   1.2026481e-01
   1.0637740e-01
   1.0588095e-01
   1.0037560e-01
   9.8026786e-02
   9.3777750e-02
   8.7785091e-02
   8.0946060e-02
   7.7384686e-02
   7.5670630e-02
   7.4885286e-02
   6.6988898e-02
   5.7591526e-02
   5.8000893e-02
   5.8480056e-02
   5.7789341e-02
   5.3852033e-02
   4.4559515e-02
   7.0186966e+01
   8.9759728e+00
   3.1174470e+00
   2.0137785e+00
   1.3778232e+00
   1.1178435e+00
   8.8960875e-01
   7.2122529e-01
   6.2422785e-01
   5.3868721e-01
   4.8016649e-01
   4.1327813e-01
   3.6247871e-01
   3.1598815e-01
   2.9167179e-01
   2.7351373e-01
   2.2923281e-01
   2.3152175e-01
   2.0742188e-01
   1.8667591e-01
   1.7764874e-01
   1.5912472e-01
   1.4759361e-01
   1.4222258e-01
   1.2621145e-01
   1.2380065e-01
   1.1147603e-01
   1.0492546e-01
   9.7920217e-02
   8.7081887e-02
   8.6224422e-02
   7.3046861e-02
   7.5577741e-02
   7.4423101e-02
   6.4045234e-02
   6.1425721e-02
   6.3958674e-02
   5.5606011e-02
   5.5565317e-02
   4.6769134e-02
   4.3565807e-02
   4.2037979e-02
   4.3647254e-02
   4.1208956e-02
   3.7297531e-02
   3.4494954e-02
   3.4898294e-02
   3.0843534e-02
   3.1247441e-02
   2.8148349e-02
   2.8118354e-02
   2.5568661e-02
   2.5078802e-02
   2.1600312e-02
   2.0538807e-02
   2.1555071e-02
   6.9301310e+01
   1.1902933e+01
   4.2215674e+00
   2.6908663e+00
   1.8787938e+00
   1.5280248e+00
   1.1526586e+00
   9.8740563e-01
   8.3222965e-01
   7.0585645e-01
   6.2465531e-01
   5.4656091e-01
   4.9097615e-01
   4.3891937e-01
   3.7981873e-01
   3.5936601e-01
   3.2611435e-01
   2.8801607e-01
   2.7237878e-01
   2.5072502e-01
   2.3389296e-01
   2.1623107e-01
   2.0121180e-01
   1.8634806e-01
   1.6795206e-01
   1.6304180e-01
   1.5029314e-01
   1.4452370e-01
   1.4044669e-01
   1.2141749e-01
   1.1327989e-01
   1.0772215e-01
   1.0262983e-01
   9.1861268e-02
   8.2898205e-02
   7.9504595e-02
   8.2748485e-02
   7.0252742e-02
   7.2839502e-02
   5.8936712e-02
   5.6490298e-02
   5.6111830e-02
   5.3089628e-02
   5.1759037e-02
   4.8631453e-02
   4.9648740e-02
   4.4971908e-02
   4.3318878e-02
   3.9818005e-02
   3.9716822e-02
   3.2871192e-02
   3.0638830e-02
   3.3602115e-02
   3.0155113e-02
   2.9667902e-02
   2.9645968e-02
   6.9197142e+01
   1.3087853e+01
   4.7837412e+00
   2.9946173e+00
   2.0266308e+00
   1.5698743e+00
   1.2383373e+00
   1.0082593e+00
   8.3795282e-01
   7.1821396e-01
   6.2191892e-01
   5.4537474e-01
   4.9179790e-01
   4.2719830e-01
   3.9726656e-01
   3.5587272e-01
   3.0830792e-01
   2.9680278e-01
   2.7440893e-01
   2.4782974e-01
   2.3320268e-01
   2.1178852e-01
   1.9794727e-01
   1.8243970e-01
   1.7325997e-01
   1.5917622e-01
   1.4610694e-01
   1.3543956e-01
   1.2328299e-01
   1.2027391e-01
   1.1463120e-01
   1.0450233e-01
   9.7141570e-02
   9.1926176e-02
   8.3360873e-02
   7.9806590e-02
   7.3248323e-02
   7.3423333e-02
   6.4861106e-02
   6.3550953e-02
   6.0902033e-02
   5.4031448e-02
   5.2961251e-02
   4.6694026e-02
   4.4977308e-02
   3.9867238e-02
   3.9919073e-02
   3.7809235e-02
   3.5943640e-02
   3.1348168e-02
   2.7786825e-02
   2.5087518e-02
   2.0712901e-02
   2.1700015e-02
   1.9816633e-02
   1.6959221e-02
   6.9240268e+01
   9.0441899e+00
   3.0552062e+00
   1.9584658e+00
   1.3121647e+00
   1.0985116e+00
   8.6113934e-01
   6.9154082e-01
   5.9815722e-01
   5.1117006e-01
   4.6145680e-01
   3.9591124e-01
   3.5460244e-01
   3.0936316e-01
   2.9995762e-01
   2.5733712e-01
   2.4231002e-01
   2.3839782e-01
   2.1273087e-01
   1.8963513e-01
   1.8183632e-01
   1.6936839e-01
   1.5980284e-01
   1.3882639e-01
   1.3114366e-01
   1.2517586e-01
   1.2007341e-01
   1.1286812e-01
   1.0885666e-01
   9.3785396e-02
   8.9206376e-02
   9.1766673e-02
   7.8460103e-02
   7.4614893e-02
   6.9638600e-02
   6.8463623e-02
   6.0332680e-02
   5.9429400e-02
   5.3835536e-02
   5.0077656e-02
   5.3632000e-02
   4.6374938e-02
   4.3509301e-02
   3.8688018e-02
   3.9676335e-02
   3.6481683e-02
   3.5536098e-02
   3.3364273e-02
   3.0921331e-02
   2.7952493e-02
   2.6365091e-02
   2.5939343e-02
   2.1150096e-02
   2.1957860e-02
   2.0306841e-02
   2.2548423e-02
   6.9376720e+01
   2.6159252e+01
   9.2402753e+00
   5.3569433e+00
   3.5952544e+00
   2.6727085e+00
   2.0691923e+00
   1.6453583e+00
   1.3673736e+00
   1.1439727e+00
   9.7833553e-01
   8.4830017e-01
   7.4402177e-01
   6.6910713e-01
   5.8196713e-01
   5.1502999e-01
   4.6740409e-01
   4.3512247e-01
   4.0075080e-01
   3.6467439e-01
   3.3185882e-01
   3.0299240e-01
   2.8085630e-01
   2.6566010e-01
   2.4122785e-01
   2.3137348e-01
   2.1224367e-01
   1.9459228e-01
   1.8152161e-01
   1.7497875e-01
   1.6420595e-01
   1.5364691e-01
   1.4775800e-01
   1.3654889e-01
   1.2590433e-01
   1.1838991e-01
   1.1401978e-01
   1.0604856e-01
   1.0136314e-01
   9.2199753e-02
   9.3353379e-02
   8.4261571e-02
   8.0835018e-02
   7.2740771e-02
   6.7341159e-02
   6.5785858e-02
   6.2547364e-02
   5.6623231e-02
   5.6827844e-02
   4.9832663e-02
   4.8939044e-02
   4.3746458e-02
   4.1662171e-02
   3.8561038e-02
   3.5974666e-02
   3.4747784e-02
   6.7994301e+01
   4.5441808e+01
   1.7242003e+01
   1.0086213e+01
   6.7914190e+00
   4.9985980e+00
   3.9115649e+00
   3.1022929e+00
   2.5562416e+00
   2.1514380e+00
   1.8326026e+00
   1.5660682e+00
   1.3712319e+00
   1.2191568e+00
   1.0789892e+00
   9.6281519e-01
   8.6695905e-01
   7.9014039e-01
   7.1765659e-01
   6.5381382e-01
   5.9983130e-01
   5.4668805e-01
   5.0589965e-01
   4.6621306e-01
   4.3395898e-01
   4.0157231e-01
   3.6858430e-01
   3.4833438e-01
   3.2463590e-01
   3.0496280e-01
   2.8886933e-01
   2.7593037e-01
   2.5259158e-01
   2.3465327e-01
   2.2943683e-01
   2.1678848e-01
   1.9776067e-01
   1.9211594e-01
   1.7696807e-01
   1.6937010e-01
   1.6226164e-01
   1.5054131e-01
   1.4325472e-01
   1.3113516e-01
   1.2323984e-01
   1.1714898e-01
   1.0996674e-01
   1.0599987e-01
   9.9190906e-02
   9.2766951e-02
   8.3829859e-02
   7.8608826e-02
   7.5807309e-02
   7.0048647e-02
   6.6791402e-02
   6.1676659e-02
   6.9243465e+01
   2.3042623e+01
   8.4913806e+00
   5.0900156e+00
   3.4445387e+00
   2.6533385e+00
   2.0780092e+00
   1.6999208e+00
   1.4192570e+00
   1.2150760e+00
   1.0469423e+00
   9.1833526e-01
   8.1808502e-01
   7.3423484e-01
   6.5206312e-01
   5.8190958e-01
   5.3366140e-01
   4.9329844e-01
   4.6438928e-01
   4.1990378e-01
   3.9016601e-01
   3.5665610e-01
   3.2925590e-01
   3.1372238e-01
   2.8729743e-01
   2.7277095e-01
   2.5947904e-01
   2.3856083e-01
   2.2235579e-01
   2.0630382e-01
   1.9634730e-01
   1.7958603e-01
   1.7485274e-01
   1.6053694e-01
   1.5118639e-01
   1.4319693e-01
   1.3233254e-01
   1.2758408e-01
   1.1838089e-01
   1.0843124e-01
   1.0385459e-01
   9.7230328e-02
   9.2485316e-02
   8.7344128e-02
   8.2394134e-02
   7.7165968e-02
   7.3347198e-02
   7.0721701e-02
   6.3833808e-02
   6.2880213e-02
   5.8536518e-02
   5.2070393e-02
   5.2184301e-02
   4.6855933e-02
   4.5367736e-02
   4.0894803e-02
   6.8116301e+01
   4.5352110e+01
   1.8202754e+01
   1.0884521e+01
   7.4493376e+00
   5.5183066e+00
   4.3627670e+00
   3.5234982e+00
   2.9273907e+00
   2.4701400e+00
   2.1318157e+00
   1.8473186e+00
   1.6088178e+00
   1.4465868e+00
   1.2810409e+00
   1.1562362e+00
   1.0603134e+00
   9.6254116e-01
   8.9114667e-01
   8.1930071e-01
   7.5471793e-01
   6.9486227e-01
   6.4573498e-01
   6.0529008e-01
   5.6199029e-01
   5.2485633e-01
   4.9173110e-01
   4.5747810e-01
   4.2536449e-01
   4.0148314e-01
   3.7579481e-01
   3.5220573e-01
   3.2564423e-01
   3.0483849e-01
   2.8485038e-01
   2.6580243e-01
   2.4682451e-01
   2.3299798e-01
   2.1490520e-01
   1.9954253e-01
   1.8855521e-01
   1.7636303e-01
   1.6330095e-01
   1.5043925e-01
   1.4167776e-01
   1.3199044e-01
   1.2230558e-01
   1.1290525e-01
   1.0493307e-01
   9.8002988e-02
   8.9383833e-02
   8.3708074e-02
   7.8374621e-02
   7.3494839e-02
   6.5312044e-02
   6.1649483e-02
   6.8449868e+01
   3.2937266e+01
   1.3073892e+01
   7.8826979e+00
   5.3906039e+00
   4.1010571e+00
   3.2032145e+00
   2.5933512e+00
   2.1629070e+00
   1.8335489e+00
   1.5869732e+00
   1.3850870e+00
   1.2284036e+00
   1.0809610e+00
   9.5726122e-01
   8.7184840e-01
   7.9029940e-01
   7.1420696e-01
   6.6898605e-01
   6.1181587e-01
   5.7337747e-01
   5.2169290e-01
   4.8613530e-01
   4.5573526e-01
   4.1806746e-01
   3.9432011e-01
   3.6295264e-01
   3.4239144e-01
   3.1998238e-01
   2.9375276e-01
   2.7396039e-01
   2.6006263e-01
   2.3971752e-01
   2.2122200e-01
   2.0693867e-01
   1.9439387e-01
   1.7732042e-01
   1.6579184e-01
   1.5300697e-01
   1.4527788e-01
   1.3566084e-01
   1.2744900e-01
   1.1863204e-01
   1.0845448e-01
   9.8235088e-02
   9.3714434e-02
   8.6281838e-02
   8.1839036e-02
   7.7217578e-02
   7.4329143e-02
   6.3869226e-02
   5.5932583e-02
   5.4935199e-02
   5.1235436e-02
   4.9380474e-02
   4.4459508e-02
   6.9768129e+01
   1.8290007e+01
   7.2296695e+00
   4.6635687e+00
   3.2629974e+00
   2.6528896e+00
   2.0843290e+00
   1.7503692e+00
   1.5056545e+00
   1.2786710e+00
   1.1275785e+00
   1.0044340e+00
   8.9101233e-01
   7.9669463e-01
   7.1874683e-01
   6.7350125e-01
   5.9715245e-01
   5.5834625e-01
   5.0618873e-01
   4.7494946e-01
   4.2938510e-01
   4.0313542e-01
   3.7124763e-01
   3.4663527e-01
   3.2098826e-01
   2.9783605e-01
   2.8568096e-01
   2.6619390e-01
   2.4783147e-01
   2.2451599e-01
   2.1405920e-01
   2.0153378e-01
   1.8988226e-01
   1.7682468e-01
   1.7082187e-01
   1.5414414e-01
   1.5233128e-01
   1.4134703e-01
   1.3860151e-01
   1.2296636e-01
   1.2008345e-01
   1.0970788e-01
   1.0329266e-01
   9.5756803e-02
   8.8559298e-02
   8.4640823e-02
   7.8884175e-02
   7.4404145e-02
   7.4011553e-02
   6.7169520e-02
   6.4487510e-02
   6.1705842e-02
   5.7861647e-02
   5.2776353e-02
   4.9659975e-02
   4.7207963e-02
   7.0542834e+01
   8.3151724e+00
   2.9047117e+00
   1.9462763e+00
   1.5343200e+00
   1.1726564e+00
   9.9794297e-01
   8.3842741e-01
   7.4168701e-01
   6.5017059e-01
   5.8565039e-01
   5.2233251e-01
   4.8026705e-01
   4.3673693e-01
   3.8290395e-01
   3.5291123e-01
   3.4591657e-01
   3.0048805e-01
   2.8363476e-01
   2.6685462e-01
   2.4608750e-01
   2.3285348e-01
   2.1553315e-01
   1.9994318e-01
   1.9179812e-01
   1.7335187e-01
   1.7125689e-01
   1.5686321e-01
   1.4987160e-01
   1.3307171e-01
   1.2945996e-01
   1.2364484e-01
   1.1918109e-01
   1.0823448e-01
   1.0843991e-01
   9.5376294e-02
   9.4689707e-02
   9.2212641e-02
   8.5685084e-02
   7.7028167e-02
   7.9324111e-02
   6.9505644e-02
   7.0221767e-02
   6.3563387e-02
   5.9346941e-02
   5.6116041e-02
   5.4359181e-02
   5.2677686e-02
   4.9621464e-02
   4.7840227e-02
   4.5526491e-02
   4.3347954e-02
   4.1795627e-02
   4.0115671e-02
   3.9083131e-02
   3.6672331e-02
   6.9865370e+01
   1.8682077e+01
   6.9123037e+00
   4.2091772e+00
   2.7908722e+00
   2.1846407e+00
   1.7183753e+00
   1.4064004e+00
   1.1765296e+00
   9.7734138e-01
   8.5220726e-01
   7.4565202e-01
   6.7426506e-01
   6.0846930e-01
   5.4494382e-01
   4.7657246e-01
   4.4525526e-01
   3.9326534e-01
   3.7141941e-01
   3.4149855e-01
   3.1527778e-01
   2.9647738e-01
   2.7387455e-01
   2.5049511e-01
   2.3786070e-01
   2.2190302e-01
   2.0822372e-01
   1.9649874e-01
   1.8402470e-01
   1.7522350e-01
   1.5875771e-01
   1.5617144e-01
   1.4722359e-01
   1.3489460e-01
   1.2487151e-01
   1.2018196e-01
   1.1578431e-01
   1.0494451e-01
   1.0252554e-01
   9.4137232e-02
   8.5235166e-02
   8.5813027e-02
   7.9162814e-02
   7.8222807e-02
   7.3512459e-02
   6.6344856e-02
   6.4691382e-02
   5.7357997e-02
   5.6395094e-02
   5.3267556e-02
   4.8801334e-02
   4.7454511e-02
   4.3825989e-02
   4.2225281e-02
   3.8872481e-02
   3.5847139e-02
   6.8313575e+01
   4.7804392e+01
   1.8817359e+01
   1.1129430e+01
   7.5958662e+00
   5.6348942e+00
   4.4028674e+00
   3.5474937e+00
   2.9294093e+00
   2.4486655e+00
   2.0831078e+00
   1.8164209e+00
   1.6018215e+00
   1.3947410e+00
   1.2427760e+00
   1.1008509e+00
   1.0204309e+00
   8.9429551e-01
   8.3500903e-01
   7.6511000e-01
   7.0092702e-01
   6.4861990e-01
   5.9890969e-01
   5.5816883e-01
   5.2015007e-01
   4.8261649e-01
   4.4985284e-01
   4.2573169e-01
   3.9615559e-01
   3.7015614e-01
   3.4953391e-01
   3.2912526e-01
   3.0832446e-01
   2.9316743e-01
   2.7460868e-01
   2.5712099e-01
   2.3892753e-01
   2.2360973e-01
   2.1276678e-01
   2.0024140e-01
   1.8638025e-01
   1.7669504e-01
   1.6535624e-01
   1.5481296e-01
   1.4306517e-01
   1.3458383e-01
   1.2281728e-01
   1.1594121e-01
   1.0941301e-01
   1.0100893e-01
   9.5066562e-02
   8.9683294e-02
   7.9382632e-02
   7.5623847e-02
   7.1410346e-02
   6.7339337e-02
   6.8705871e+01
   4.8051184e+01
   2.0025663e+01
   1.2594482e+01
   9.1339134e+00
   7.0231674e+00
   5.7458868e+00
   4.7924106e+00
   4.0910402e+00
   3.5273637e+00
   3.0886971e+00
   2.7791331e+00
   2.5080881e+00
   2.2735177e+00
   2.0741649e+00
   1.8622751e+00
   1.7401440e+00
   1.5805613e+00
   1.5013943e+00
   1.3933376e+00
   1.3019267e+00
   1.2165629e+00
   1.1442622e+00
   1.0783472e+00
   1.0196269e+00
   9.4970968e-01
   8.9723765e-01
   8.5289265e-01
   8.0506857e-01
   7.6101182e-01
   7.1845201e-01
   6.9203080e-01
   6.5824183e-01
   6.2556778e-01
   5.9600739e-01
   5.6702377e-01
   5.3004867e-01
   5.1220389e-01
   4.8065186e-01
   4.6641143e-01
   4.3940625e-01
   4.2165486e-01
   4.0184280e-01
   3.7736472e-01
   3.6173968e-01
   3.4399978e-01
   3.2979286e-01
   3.1423289e-01
   2.9780687e-01
   2.8468230e-01
   2.6799072e-01
   2.5456599e-01
   2.4175223e-01
   2.2943472e-01
   2.1974243e-01
   2.0553693e-01
   6.9522770e+01
   3.6657084e+01
   1.3643868e+01
   8.1477405e+00
   5.5427295e+00
   4.1596411e+00
   3.2741571e+00
   2.6619746e+00
   2.2046686e+00
   1.8799188e+00
   1.6220638e+00
   1.4211421e+00
   1.2334711e+00
   1.1028010e+00
   1.0160580e+00
   8.9829044e-01
   8.2191142e-01
   7.3359958e-01
   6.9583530e-01
   6.3075363e-01
   5.8769480e-01
   5.3969370e-01
   5.0015517e-01
   4.7061115e-01
   4.3478190e-01
   4.1138405e-01
   3.7876985e-01
   3.5409021e-01
   3.3791292e-01
   3.1386534e-01
   2.9250131e-01
   2.7942458e-01
   2.5953829e-01
   2.4517269e-01
   2.3495328e-01
   2.2353373e-01
   2.0434415e-01
   1.9892433e-01
   1.8452508e-01
   1.7352655e-01
   1.6525619e-01
   1.5448913e-01
   1.4509174e-01
   1.3394872e-01
   1.2668861e-01
   1.1874339e-01
   1.1248369e-01
   1.0594130e-01
   9.8382105e-02
   9.3254125e-02
   8.6562526e-02
   8.2330861e-02
   8.1058778e-02
   7.1946680e-02
   6.6651916e-02
   6.4600168e-02
   6.8088235e+01
   5.9934641e+01
   2.5987838e+01
   1.5231122e+01
   1.0229442e+01
   7.5438682e+00
   5.8615636e+00
   4.6594385e+00
   3.8386930e+00
   3.2378131e+00
   2.7437823e+00
   2.3803423e+00
   2.0387957e+00
   1.7849260e+00
   1.5758013e+00
   1.4601337e+00
   1.2639485e+00
   1.1931231e+00
   1.0712863e+00
   9.8144416e-01
   8.9215878e-01
   8.2546712e-01
   7.6081573e-01
   7.0500659e-01
   6.5978721e-01
   6.1136197e-01
   5.7224601e-01
   5.3870568e-01
   4.9835849e-01
   4.6349062e-01
   4.4304074e-01
   4.0529756e-01
   3.8992594e-01
   3.6962254e-01
   3.3927190e-01
   3.1679758e-01
   3.0110859e-01
   2.7925189e-01
   2.6443556e-01
   2.4656145e-01
   2.3341145e-01
   2.2397946e-01
   2.0729091e-01
   1.9353267e-01
   1.8303047e-01
   1.7095153e-01
   1.6162742e-01
   1.4888386e-01
   1.4031399e-01
   1.3302790e-01
   1.2328819e-01
   1.1444874e-01
   1.0185723e-01
   9.5242034e-02
   8.7889371e-02
   8.0916601e-02
   6.3927862e+01
   5.6681184e+01
   2.3234360e+01
   1.3656866e+01
   9.2580586e+00
   6.7829046e+00
   5.3148368e+00
   4.2448036e+00
   3.4812786e+00
   2.9222147e+00
   2.4831033e+00
   2.1449257e+00
   1.8678690e+00
   1.6416545e+00
   1.4648356e+00
   1.3071330e+00
   1.1707315e+00
   1.0674847e+00
   9.7755544e-01
   8.9676779e-01
   8.2205000e-01
   7.5398514e-01
   6.9514432e-01
   6.5262559e-01
   5.9958904e-01
   5.5431171e-01
   5.2344318e-01
   4.8651086e-01
   4.5691637e-01
   4.2657114e-01
   3.9695236e-01
   3.7413551e-01
   3.5481567e-01
   3.3433230e-01
   3.1195989e-01
   2.8974320e-01
   2.7108068e-01
   2.5675357e-01
   2.3876045e-01
   2.2415372e-01
   2.1153570e-01
   1.9846451e-01
   1.8210662e-01
   1.7198351e-01
   1.6036997e-01
   1.4811460e-01
   1.3849651e-01
   1.2931676e-01
   1.1925570e-01
   1.1427418e-01
   1.0396174e-01
   9.8132438e-02
   9.0039151e-02
   8.0190580e-02
   7.4910543e-02
   7.1322203e-02
   6.7952313e+01
   4.3037458e+01
   1.7198405e+01
   1.0295642e+01
   6.9094068e+00
   5.2707378e+00
   4.1046523e+00
   3.3056829e+00
   2.7361515e+00
   2.3219121e+00
   1.9817389e+00
   1.7307931e+00
   1.5211738e+00
   1.3557993e+00
   1.2109809e+00
   1.0848761e+00
   9.8071958e-01
   8.9898130e-01
   8.2871473e-01
   7.6487187e-01
   6.9903175e-01
   6.5191724e-01
   5.9809794e-01
   5.6378240e-01
   5.1813731e-01
   4.7835752e-01
   4.5877759e-01
   4.2287045e-01
   3.9467533e-01
   3.7007219e-01
   3.4505063e-01
   3.2099975e-01
   3.0874597e-01
   2.9026667e-01
   2.7544315e-01
   2.4592455e-01
   2.3458427e-01
   2.1809353e-01
   2.0423955e-01
   1.9492656e-01
   1.8241955e-01
   1.6733213e-01
   1.5571972e-01
   1.4097656e-01
   1.3310819e-01
   1.2287157e-01
   1.1393852e-01
   1.0811123e-01
   1.0107032e-01
   9.4489640e-02
   8.9946182e-02
   8.3467782e-02
   7.8173507e-02
   7.0412877e-02
   6.0928014e-02
   6.1768730e-02
   7.0031695e+01
   2.8617389e+01
   1.1185414e+01
   6.7773878e+00
   4.6968558e+00
   3.5570885e+00
   2.8505519e+00
   2.3200770e+00
   1.9676295e+00
   1.6918117e+00
   1.4603054e+00
   1.2904506e+00
   1.1427151e+00
   1.0282923e+00
   9.1466335e-01
   8.3683125e-01
   7.5204109e-01
   7.0158951e-01
   6.4016216e-01
   5.9121806e-01
   5.4840962e-01
   5.0184288e-01
   4.7181963e-01
   4.2451740e-01
   4.1260938e-01
   3.8481858e-01
   3.5146896e-01
   3.3295859e-01
   3.1228742e-01
   2.8614459e-01
   2.7217219e-01
   2.6060035e-01
   2.4245770e-01
   2.2354985e-01
   2.1649431e-01
   2.0745604e-01
   1.9577795e-01
   1.7953345e-01
   1.6593480e-01
   1.5885569e-01
   1.5180015e-01
   1.5151841e-01
   1.4371449e-01
   1.3606934e-01
   1.2940020e-01
   1.2309983e-01
   1.1841790e-01
   1.1149758e-01
   1.0742757e-01
   1.0214291e-01
   9.7039405e-02
   8.8352016e-02
   8.0671753e-02
   7.9479018e-02
   7.9112283e-02
   7.6078356e-02
   6.9921284e+01
   4.0346520e+01
   1.8564840e+01
   1.2392845e+01
   9.2896914e+00
   7.4334054e+00
   6.1246870e+00
   5.2013284e+00
   4.4906975e+00
   3.9738571e+00
   3.5048809e+00
   3.1423563e+00
   2.8280499e+00
   2.5705790e+00
   2.3382792e+00
   2.1629312e+00
   1.9743693e+00
   1.8442486e+00
   1.7117609e+00
   1.5940090e+00
   1.4783670e+00
   1.3866924e+00
   1.2834925e+00
   1.2131756e+00
   1.1444453e+00
   1.0664484e+00
   1.0155024e+00
   9.5005606e-01
   8.8935030e-01
   8.5118362e-01
   8.0387979e-01
   7.5520126e-01
   7.1999929e-01
   6.8752845e-01
   6.4831952e-01
   6.1005760e-01
   5.8423369e-01
   5.5502207e-01
   5.3130191e-01
   5.0425010e-01
   4.7837118e-01
   4.5799511e-01
   4.3505396e-01
   4.1197059e-01
   3.9281114e-01
   3.7515761e-01
   3.5686089e-01
   3.3919978e-01
   3.2415260e-01
   3.1077267e-01
   2.9808350e-01
   2.8802243e-01
   2.7671609e-01
   2.6052548e-01
   2.4478817e-01
   2.3589227e-01
   6.9528591e+01
   4.4079464e+01
   1.8696501e+01
   1.2030085e+01
   8.7332390e+00
   6.8733130e+00
   5.6683178e+00
   4.7793533e+00
   4.1242386e+00
   3.6085906e+00
   3.1926768e+00
   2.8654800e+00
   2.5740310e+00
   2.3303541e+00
   2.1190199e+00
   1.9651930e+00
   1.7989515e+00
   1.6609815e+00
   1.5514373e+00
   1.4456329e+00
   1.3444059e+00
   1.2505065e+00
   1.1724364e+00
   1.0885284e+00
   1.0391845e+00
   9.7264075e-01
   9.1582935e-01
   8.6661972e-01
   8.1061985e-01
   7.6908563e-01
   7.2707509e-01
   6.8831018e-01
   6.5489641e-01
   6.2155800e-01
   5.9120110e-01
   5.5962670e-01
   5.3253614e-01
   5.0330329e-01
   4.8314241e-01
   4.5889830e-01
   4.3730205e-01
   4.1975692e-01
   4.0052777e-01
   3.8049608e-01
   3.6351306e-01
   3.4690229e-01
   3.3119592e-01
   3.1868475e-01
   3.0407399e-01
   2.9058209e-01
   2.7552064e-01
   2.6295605e-01
   2.5092250e-01
   2.3722370e-01
   2.2798803e-01
   2.2152748e-01
   6.9792408e+01
   2.2984126e+01
   9.2239640e+00
   5.7629300e+00
   4.1338424e+00
   3.1431794e+00
   2.5782021e+00
   2.1334940e+00
   1.8161600e+00
   1.5838907e+00
   1.3888648e+00
   1.2305947e+00
   1.0973487e+00
   9.8694867e-01
   8.9993665e-01
   8.1091105e-01
   7.5077295e-01
   6.8769943e-01
   6.4387440e-01
   5.9345017e-01
   5.5038066e-01
   5.0793245e-01
   4.7797479e-01
   4.4409418e-01
   4.1576772e-01
   3.9371413e-01
   3.6445857e-01
   3.4260638e-01
   3.2560807e-01
   3.0532461e-01
   2.8514027e-01
   2.7450647e-01
   2.5495176e-01
   2.4012325e-01
   2.2882362e-01
   2.1880978e-01
   2.0666894e-01
   1.9834370e-01
   1.8652424e-01
   1.7460099e-01
   1.6755969e-01
   1.6228825e-01
   1.5674923e-01
   1.4957355e-01
   1.4082061e-01
   1.3681775e-01
   1.3233681e-01
   1.2556648e-01
   1.1963681e-01
   1.1368999e-01
   1.1010359e-01
   1.0322547e-01
   1.0035691e-01
   9.8969299e-02
   9.4313839e-02
   8.6410359e-02
   7.0251471e+01
   1.4872691e+01
   5.7005965e+00
   3.5315617e+00
   2.4744330e+00
   1.8349673e+00
   1.4818667e+00
   1.2096864e+00
   1.0005737e+00
   8.5478553e-01
   7.3994171e-01
   6.4982921e-01
   5.7352305e-01
   5.0628103e-01
   4.3949627e-01
   4.0637229e-01
   3.6755385e-01
   3.3294707e-01
   3.0521121e-01
   2.8321555e-01
   2.5695363e-01
   2.4230684e-01
   2.2240027e-01
   2.0783567e-01
   1.9286982e-01
   1.7562126e-01
   1.6687341e-01
   1.5766168e-01
   1.4655474e-01
   1.3584011e-01
   1.3140444e-01
   1.2200743e-01
   1.1265077e-01
   1.0860524e-01
   1.0808527e-01
   1.0284238e-01
   8.9079029e-02
   9.0100396e-02
   8.0679639e-02
   8.5814609e-02
   7.8556533e-02
   7.3291758e-02
   7.2112304e-02
   6.5402504e-02
   6.4735128e-02
   5.9864581e-02
   5.8111346e-02
   5.4762008e-02
   5.2205678e-02
   5.2520021e-02
   4.8223111e-02
   4.8088279e-02
   4.2806294e-02
   4.2255389e-02
   4.1016398e-02
   4.0129834e-02
   7.0298860e+01
   1.3178928e+01
   5.1914074e+00
   3.3230917e+00
   2.3198572e+00
   1.8222681e+00
   1.4440328e+00
   1.1802632e+00
   9.9357530e-01
   8.3910724e-01
   7.3011082e-01
   6.2915846e-01
   5.5180228e-01
   4.9400842e-01
   4.4990444e-01
   4.0790006e-01
   3.6705532e-01
   3.2466018e-01
   2.9904687e-01
   2.6634116e-01
   2.4694428e-01
   2.2968348e-01
   2.1573842e-01
   2.0224197e-01
   1.7667451e-01
   1.6301338e-01
   1.4814810e-01
   1.3297324e-01
   1.3469142e-01
   1.2797294e-01
   1.1576270e-01
   1.0330005e-01
   9.5254611e-02
   8.9375821e-02
   9.0997397e-02
   8.3705737e-02
   7.6327541e-02
   6.0688321e-02
   6.9429617e-02
   7.3188277e-02
   5.3944954e-02
   5.4950491e-02
   5.2675976e-02
   5.9802291e-02
   5.1597579e-02
   4.5746862e-02
   4.3646744e-02
   5.1391116e-02
   3.7861641e-02
   3.2971172e-02
   3.6317492e-02
   3.1134562e-02
   2.6270569e-02
   2.9576594e-02
   3.9819347e-02
   2.4858117e-02
   6.9752844e+01
   1.8803259e+01
   7.7033138e+00
   4.8507508e+00
   3.5107832e+00
   2.6875422e+00
   2.1563407e+00
   1.7744560e+00
   1.5129386e+00
   1.3067556e+00
   1.1347892e+00
   9.9338931e-01
   8.7471817e-01
   7.7070843e-01
   6.8968445e-01
   6.3989155e-01
   5.7769707e-01
   5.2162995e-01
   4.8576119e-01
   4.4496065e-01
   4.0913158e-01
   3.7863996e-01
   3.5079411e-01
   3.2565066e-01
   2.9959324e-01
   2.8504256e-01
   2.6116703e-01
   2.4651562e-01
   2.3757996e-01
   2.1641306e-01
   2.0512293e-01
   1.9658822e-01
   1.8356551e-01
   1.7398097e-01
   1.6248081e-01
   1.6044225e-01
   1.5470286e-01
   1.3725094e-01
   1.3384527e-01
   1.3077006e-01
   1.2418636e-01
   1.1919774e-01
   1.1778788e-01
   1.0890321e-01
   1.0655128e-01
   9.8634519e-02
   9.6420939e-02
   9.2635779e-02
   8.9625237e-02
   8.3729251e-02
   8.1893034e-02
   7.7350096e-02
   7.5074479e-02
   7.2564946e-02
   6.9396699e-02
   6.5716767e-02
   7.1188748e+01
   1.0868714e+01
   3.7635142e+00
   2.3469803e+00
   1.6880748e+00
   1.2113594e+00
   1.0160290e+00
   8.5647684e-01
   7.2741800e-01
   6.0979714e-01
   5.3404646e-01
   4.6853730e-01
   4.3140972e-01
   3.7150374e-01
   3.3697002e-01
   2.7893180e-01
   3.0096522e-01
   2.3216030e-01
   2.3884225e-01
   2.1149246e-01
   1.9893140e-01
   1.8590036e-01
   1.7187290e-01
   1.5814778e-01
   1.4056814e-01
   1.3246715e-01
   1.2716163e-01
   1.2017775e-01
   1.1187550e-01
   1.0313055e-01
   9.9082504e-02
   9.5748888e-02
   9.2179278e-02
   8.9219204e-02
   7.8997784e-02
   7.7844198e-02
   7.2762178e-02
   6.9957424e-02
   5.8933484e-02
   5.6160451e-02
   5.6087248e-02
   5.4753648e-02
   5.2980513e-02
   5.2251718e-02
   5.1113948e-02
   4.6550499e-02
   4.5920279e-02
   4.2324369e-02
   4.1022254e-02
   4.3084259e-02
   3.8732424e-02
   3.6953219e-02
   3.8289929e-02
   3.3282986e-02
   3.2437633e-02
   2.7987678e-02
   7.0918307e+01
   7.8941067e+00
   2.6801175e+00
   1.7254966e+00
   1.3661523e+00
   1.0380888e+00
   8.6559068e-01
   7.1853874e-01
   6.1078734e-01
   5.2954936e-01
   4.5572124e-01
   3.9668808e-01
   3.6562738e-01
   3.4582148e-01
   2.9764638e-01
   2.4937396e-01
   2.6781246e-01
   2.1790410e-01
   2.2470638e-01
   2.0549405e-01
   1.7536561e-01
   1.7498266e-01
   1.6540313e-01
   1.5522246e-01
   1.3589870e-01
   1.2439357e-01
   1.1736225e-01
   1.0788827e-01
   1.0608147e-01
   9.6434967e-02
   9.4217852e-02
   8.9730188e-02
   8.8188068e-02
   8.1610455e-02
   7.8574022e-02
   7.2122592e-02
   6.1296992e-02
   6.5939832e-02
   6.0194252e-02
   6.1399702e-02
   6.1442495e-02
   5.4281473e-02
   4.8550752e-02
   4.4920190e-02
   4.5429948e-02
   4.0601455e-02
   4.0807958e-02
   4.0634048e-02
   3.8205863e-02
   3.4013225e-02
   3.3911025e-02
   3.1769167e-02
   2.8766187e-02
   2.7544087e-02
   2.5488212e-02
   2.5202333e-02
   7.1046939e+01
   5.3539876e+00
   1.5783185e+00
   1.0015678e+00
   8.3393407e-01
   6.1048427e-01
   5.2807510e-01
   4.4032683e-01
   3.7466106e-01
   2.9806200e-01
   2.7512701e-01
   2.2759892e-01
   2.2087289e-01
   2.1231586e-01
   1.9906711e-01
   1.6961959e-01
   1.5794147e-01
   1.4317318e-01
   1.3253671e-01
   1.0958044e-01
   1.1996148e-01
   1.1272975e-01
   9.8833175e-02
   9.4648185e-02
   7.6491071e-02
   8.2433987e-02
   7.9211318e-02
   5.1533901e-02
   6.9304258e-02
   5.2649801e-02
   6.1232369e-02
   5.4227398e-02
   4.9575890e-02
   4.2805888e-02
   4.4561242e-02
   4.0578648e-02
   4.1151771e-02
   3.6459422e-02
   3.7385300e-02
   3.7634374e-02
   2.6937372e-02
   3.0364154e-02
   2.9885634e-02
   2.8838309e-02
   2.3731459e-02
   2.8124807e-02
   2.3497714e-02
   2.0510945e-02
   1.8947782e-02
   1.8774799e-02
   2.0401698e-02
   2.0494816e-02
   1.9071422e-02
   1.7081725e-02
   1.6477432e-02
   1.3749519e-02
   7.1456352e+01
   4.7181668e+00
   1.1451342e+00
   9.0636430e-01
   4.7319840e-01
   5.0884250e-01
   3.9102883e-01
   3.3498828e-01
   2.8170058e-01
   2.5515622e-01
   2.2163783e-01
   1.9842008e-01
   1.8010544e-01
   1.7519001e-01
   1.3864230e-01
   1.2701923e-01
   1.3339313e-01
   1.0850104e-01
   1.0838817e-01
   9.2215881e-02
   7.9870405e-02
   8.7428711e-02
   8.5263988e-02
   7.4661138e-02
   8.1560151e-02
   7.0705095e-02
   5.2382281e-02
   5.9827601e-02
   6.2783801e-02
   4.9890048e-02
   5.5083078e-02
   4.6361675e-02
   4.0090435e-02
   3.7985915e-02
   4.1192036e-02
   3.7266969e-02
   3.6216575e-02
   3.1312933e-02
   3.2054489e-02
   3.5939395e-02
   3.0529867e-02
   3.2045085e-02
   3.0609253e-02
   2.7891315e-02
   2.7903510e-02
   2.7350543e-02
   2.4347011e-02
   2.7578778e-02
   2.5330881e-02
   2.3739084e-02
   2.1809829e-02
   2.2565119e-02
   2.0806077e-02
   2.2121356e-02
   1.9930804e-02
   1.8534853e-02
   7.1602515e+01
   6.2244987e+00
   1.8221194e+00
   1.2456110e+00
   1.0370542e+00
   7.5107373e-01
   6.5551709e-01
   5.6611497e-01
   4.9357875e-01
   4.1963056e-01
   3.8286708e-01
   3.3996343e-01
   3.1313437e-01
   2.7955486e-01
   2.6802342e-01
   2.2375851e-01
   2.1713209e-01
   1.9005695e-01
   1.8896958e-01
   1.5810306e-01
   1.6944858e-01
   1.5295674e-01
   1.5014402e-01
   1.3242260e-01
   1.2869240e-01
   1.3022636e-01
   1.1094333e-01
   9.6923553e-02
   1.0481023e-01
   8.8636910e-02
   9.4663150e-02
   8.8907100e-02
   7.6062300e-02
   6.7546668e-02
   6.8069664e-02
   6.9804940e-02
   7.4532810e-02
   6.0379330e-02
   6.1628670e-02
   5.2318954e-02
   5.0931700e-02
   5.4476532e-02
   5.0358867e-02
   5.1585322e-02
   5.0477789e-02
   4.5412544e-02
   4.5849287e-02
   4.5577614e-02
   4.3151490e-02
   4.3052308e-02
   4.0129609e-02
   3.6153199e-02
   3.5877059e-02
   3.6574001e-02
   3.6330205e-02
   3.3783809e-02
   7.1573153e+01
   5.3270258e+00
   1.5048800e+00
   1.1653719e+00
   8.9291057e-01
   7.2790257e-01
   5.7929820e-01
   4.9290891e-01
   4.4196089e-01
   3.8291749e-01
   3.3521240e-01
   2.9690879e-01
   2.7030549e-01
   2.5031444e-01
   2.1721713e-01
   2.0108557e-01
   1.9439213e-01
   1.7361968e-01
   1.6128455e-01
   1.4603702e-01
   1.3430507e-01
   1.2599506e-01
   1.1965046e-01
   1.1442886e-01
   1.1973687e-01
   1.0544148e-01
   8.9431927e-02
   9.7464074e-02
   8.7124664e-02
   7.3679761e-02
   7.3061307e-02
   7.7284763e-02
   7.1211705e-02
   6.3835611e-02
   6.8892403e-02
   6.3250321e-02
   5.8102005e-02
   5.1336243e-02
   5.3551771e-02
   5.0602645e-02
   4.6293523e-02
   4.5945018e-02
   4.4853079e-02
   4.3659576e-02
   4.1574599e-02
   3.9503074e-02
   3.7054628e-02
   3.8130977e-02
   3.7754377e-02
   3.5744463e-02
   3.2360403e-02
   3.4260732e-02
   3.1257725e-02
   3.0540932e-02
   3.0899521e-02
   2.8104116e-02
   7.1601281e+01
   5.4962319e+00
   1.8497511e+00
   1.4296459e+00
   1.0432633e+00
   9.6004226e-01
   7.6604966e-01
   6.6681054e-01
   5.9092544e-01
   5.3322286e-01
   4.6686138e-01
   4.1977282e-01
   3.7512748e-01
   3.3299298e-01
   2.7941632e-01
   2.6463165e-01
   2.3740978e-01
   2.0894910e-01
   1.9552753e-01
   1.7966043e-01
   1.5511316e-01
   1.3844543e-01
   1.3528280e-01
   1.2315226e-01
   1.1447494e-01
   9.3532745e-02
   8.2883085e-02
   8.7562442e-02
   7.5563025e-02
   6.2139325e-02
   5.5465162e-02
   6.0047788e-02
   5.5165664e-02
   5.1544422e-02
   4.9267214e-02
   4.4634572e-02
   3.0595280e-02
   3.8214312e-02
   3.1107316e-02
   3.6547434e-02
   3.0553808e-02
   2.8140192e-02
   2.8144705e-02
   2.6111669e-02
   2.1363119e-02
   2.3209431e-02
   1.9046573e-02
   1.8587229e-02
   1.8834757e-02
   1.6593204e-02
   1.4385258e-02
   1.6417118e-02
   1.2929869e-02
   1.2298788e-02
   1.3633025e-02
   1.0873618e-02
   7.2045575e+01
   4.9682769e+00
   1.2908757e+00
   6.3249054e-01
   4.9802994e-01
   4.7135744e-01
   3.7942201e-01
   3.1414082e-01
   2.7341017e-01
   2.2994900e-01
   2.1141472e-01
   1.8789172e-01
   1.6702374e-01
   1.7685240e-01
   1.4573470e-01
   1.2427888e-01
   1.1999828e-01
   1.2373564e-01
   1.1053581e-01
   9.4477338e-02
   9.5567038e-02
   8.7773728e-02
   7.8031571e-02
   7.2462041e-02
   6.8329884e-02
   6.2793048e-02
   6.7191668e-02
   5.6815649e-02
   5.8269278e-02
   5.1101728e-02
   5.1068258e-02
   4.8761450e-02
   4.5558306e-02
   4.3562464e-02
   4.1206626e-02
   3.8671200e-02
   4.0171358e-02
   3.8141378e-02
   3.8214012e-02
   3.3072419e-02
   3.7224624e-02
   3.2359773e-02
   3.3064765e-02
   3.3150549e-02
   3.3579310e-02
   2.9307400e-02
   3.0010235e-02
   2.8144101e-02
   2.6087226e-02
   2.6668858e-02
   2.8362635e-02
   2.4774325e-02
   2.4557432e-02
   2.2103495e-02
   2.0896444e-02
   1.9581746e-02
