   1.4971251e+02
   7.1103841e-01
   3.0050920e-01
   1.8553149e-01
   1.3923305e-01
   1.0555123e-01
   8.3405199e-02
   6.8196789e-02
   5.6536739e-02
   4.8180080e-02
   4.2547646e-02
   3.7399483e-02
   3.3449863e-02
   2.9077491e-02
   2.6467760e-02
   2.2435201e-02
   2.1260298e-02
   1.9175378e-02
   1.7202052e-02
   1.6703643e-02
   1.4741490e-02
   1.4597884e-02
   1.2932249e-02
   1.1844839e-02
   1.1246490e-02
   1.0568496e-02
   1.0222681e-02
   9.0753972e-03
   8.4558682e-03
   7.7915691e-03
   7.4236516e-03
   6.7888162e-03
   6.5787416e-03
   5.8349310e-03
   5.2280032e-03
   5.0458133e-03
   4.5133091e-03
   4.2086736e-03
   4.7893889e-03
   3.9224526e-03
   3.4788982e-03
   3.2383468e-03
   4.2599249e-03
   3.4919060e-03
   3.3863272e-03
   2.8955387e-03
   2.6439998e-03
   2.5297836e-03
   2.5458463e-03
   2.4910911e-03
   2.1964545e-03
   1.9472369e-03
   1.6948282e-03
   1.2037611e-03
   1.4285868e-03
   1.4139644e-03
   1.4974713e+02
   7.2968090e-01
   3.2657892e-01
   2.0447961e-01
   1.5135139e-01
   1.1550323e-01
   9.1659472e-02
   7.6124005e-02
   6.3353859e-02
   5.5342659e-02
   4.8070553e-02
   4.2877149e-02
   3.6923196e-02
   3.3444622e-02
   3.0107789e-02
   2.6960902e-02
   2.4906849e-02
   2.2693981e-02
   2.1443785e-02
   2.0019287e-02
   1.8517811e-02
   1.7397026e-02
   1.6596459e-02
   1.5537731e-02
   1.4074517e-02
   1.3510524e-02
   1.2017077e-02
   1.1381566e-02
   1.0579277e-02
   1.0066452e-02
   9.4989656e-03
   8.4190248e-03
   7.9927093e-03
   7.3475713e-03
   6.4197018e-03
   6.6298162e-03
   5.7318278e-03
   5.5850833e-03
   4.9370461e-03
   5.0777692e-03
   4.4367953e-03
   3.9267119e-03
   4.2647837e-03
   3.9341610e-03
   3.7742476e-03
   3.7299037e-03
   3.3802133e-03
   3.0181174e-03
   2.7722244e-03
   2.6962097e-03
   2.5172287e-03
   2.5241142e-03
   2.7109509e-03
   2.5196116e-03
   2.3742988e-03
   2.2532622e-03
   1.4924807e+02
   7.3764486e-01
   3.2316994e-01
   2.0930427e-01
   1.6373397e-01
   1.2769411e-01
   1.0416861e-01
   8.7544190e-02
   7.4735793e-02
   6.6335155e-02
   6.0410137e-02
   5.2026422e-02
   4.6020362e-02
   3.6830753e-02
   3.1622970e-02
   2.8112764e-02
   2.4705784e-02
   2.1140060e-02
   1.8298415e-02
   1.6874351e-02
   1.6150048e-02
   1.7684545e-02
   1.7837558e-02
   1.7364910e-02
   1.6585328e-02
   1.5569815e-02
   1.3731194e-02
   1.2325333e-02
   1.2045370e-02
   1.3658250e-02
   1.2084510e-02
   1.0256256e-02
   8.9547745e-03
   8.1142798e-03
   7.4292200e-03
   6.0983446e-03
   5.2663338e-03
   5.3031978e-03
   5.5848354e-03
   5.0493371e-03
   4.4905813e-03
   4.4720949e-03
   4.2912987e-03
   3.9952475e-03
   3.4985913e-03
   3.5663973e-03
   2.7346476e-03
   2.4879464e-03
   2.7413494e-03
   2.5992274e-03
   2.6755506e-03
   2.2976222e-03
   2.4372359e-03
   2.4793228e-03
   2.4852178e-03
   2.3652723e-03
   1.4974322e+02
   7.3717677e-01
   3.0400269e-01
   1.8288988e-01
   1.3236441e-01
   9.7103492e-02
   7.5979848e-02
   6.0921803e-02
   5.1189439e-02
   4.2942445e-02
   3.8180629e-02
   3.4346764e-02
   2.9790544e-02
   2.6963489e-02
   2.4335503e-02
   2.2556941e-02
   2.1176120e-02
   1.8976567e-02
   1.8121036e-02
   1.6966944e-02
   1.5318278e-02
   1.5357779e-02
   1.4052078e-02
   1.3630219e-02
   1.2961605e-02
   1.1312822e-02
   1.0798201e-02
   1.0141802e-02
   9.8006296e-03
   9.7723878e-03
   8.1420978e-03
   8.6282604e-03
   8.3310702e-03
   7.6474388e-03
   6.8627215e-03
   6.8646307e-03
   5.4383080e-03
   5.1824799e-03
   5.5424340e-03
   4.8176715e-03
   4.3686023e-03
   3.8625666e-03
   3.5126442e-03
   3.4957286e-03
   2.9555226e-03
   2.6818240e-03
   2.6535546e-03
   2.7434018e-03
   2.7507481e-03
   2.5861875e-03
   2.2608509e-03
   2.4179711e-03
   2.4496047e-03
   2.0705897e-03
   2.3293963e-03
   2.1420313e-03
   1.4920385e+02
   7.2178967e-01
   3.3541108e-01
   2.1459018e-01
   1.6561984e-01
   1.2830453e-01
   1.0432830e-01
   8.7538427e-02
   7.5294407e-02
   6.3473756e-02
   5.7262492e-02
   4.9238303e-02
   4.3080646e-02
   3.7030772e-02
   3.2410124e-02
   2.8841050e-02
   2.6536888e-02
   2.3354456e-02
   2.2731671e-02
   2.0374697e-02
   1.8482963e-02
   1.7154218e-02
   1.5780634e-02
   1.3380105e-02
   1.2588722e-02
   1.1460475e-02
   1.2808168e-02
   1.2613551e-02
   9.5101976e-03
   9.2606546e-03
   8.6618910e-03
   7.1901998e-03
   7.4012731e-03
   7.6322665e-03
   7.1568334e-03
   6.3783739e-03
   4.8851191e-03
   5.8747382e-03
   5.4358995e-03
   5.9718072e-03
   5.4474489e-03
   4.7567670e-03
   4.3935525e-03
   4.7575480e-03
   5.1267227e-03
   5.0515881e-03
   4.2880621e-03
   4.1428613e-03
   4.2110407e-03
   4.0724052e-03
   3.8470563e-03
   4.3743190e-03
   4.2191091e-03
   4.2181065e-03
   4.2125183e-03
   4.0960528e-03
   1.4953709e+02
   7.0664360e-01
   3.1326842e-01
   2.0103287e-01
   1.5478542e-01
   1.2239956e-01
   9.8798160e-02
   8.3056756e-02
   7.1559844e-02
   6.0831760e-02
   5.5374932e-02
   4.9011329e-02
   4.2668917e-02
   3.8366536e-02
   3.4376246e-02
   3.1234395e-02
   2.7560756e-02
   2.5857811e-02
   2.3310304e-02
   2.0482596e-02
   1.9346764e-02
   1.7422058e-02
   1.6555571e-02
   1.4590566e-02
   1.4232129e-02
   1.3291047e-02
   1.1525837e-02
   1.1127124e-02
   1.0274299e-02
   9.6832725e-03
   9.0667596e-03
   8.3738862e-03
   7.1216413e-03
   7.1370999e-03
   6.5150222e-03
   6.3484098e-03
   5.1609715e-03
   4.8193761e-03
   4.6982099e-03
   3.8984944e-03
   4.5212486e-03
   3.7601462e-03
   3.6087624e-03
   3.2660815e-03
   2.8210504e-03
   2.6389501e-03
   2.5969292e-03
   2.5108705e-03
   2.1244220e-03
   2.1156635e-03
   2.1852419e-03
   2.0175290e-03
   1.6840150e-03
   1.6649387e-03
   1.7023632e-03
   1.6674205e-03
   1.4977823e+02
   7.7852819e-01
   3.7792448e-01
   2.4635870e-01
   1.9101148e-01
   1.5097479e-01
   1.2288216e-01
   1.0393751e-01
   8.7738938e-02
   7.7048843e-02
   6.8727916e-02
   6.0047830e-02
   5.3043093e-02
   4.7205042e-02
   4.1827337e-02
   3.7245571e-02
   3.4061426e-02
   3.1179590e-02
   2.8233236e-02
   2.6101089e-02
   2.3565847e-02
   2.1596324e-02
   1.9431027e-02
   1.7252483e-02
   1.7224317e-02
   1.6163259e-02
   1.4011060e-02
   1.2473978e-02
   1.1650748e-02
   1.1924042e-02
   9.7256032e-03
   1.0210697e-02
   9.1804239e-03
   8.6262123e-03
   7.5909414e-03
   7.5115337e-03
   6.2585197e-03
   5.5505876e-03
   5.9759379e-03
   5.2061870e-03
   5.7087461e-03
   4.6910682e-03
   4.4324040e-03
   4.1086819e-03
   3.8470105e-03
   3.8847609e-03
   3.6298732e-03
   3.3823018e-03
   2.8336916e-03
   2.7960332e-03
   2.5067192e-03
   2.3622251e-03
   2.1402261e-03
   2.1459471e-03
   1.7943130e-03
   1.8452650e-03
   1.5001280e+02
   6.6545623e-01
   3.1973015e-01
   2.1686009e-01
   1.7337914e-01
   1.3806584e-01
   1.1570408e-01
   9.6518744e-02
   8.3804440e-02
   7.2546568e-02
   6.5850522e-02
   5.7068531e-02
   5.0025763e-02
   4.4666198e-02
   3.9060669e-02
   3.4974458e-02
   3.1792884e-02
   2.8463574e-02
   2.5513728e-02
   2.2959927e-02
   2.0216408e-02
   1.9023231e-02
   1.6689285e-02
   1.5885915e-02
   1.3727233e-02
   1.2518598e-02
   1.1281000e-02
   1.0101452e-02
   1.0127142e-02
   9.3138591e-03
   8.5848650e-03
   7.2857633e-03
   7.0349443e-03
   6.6561404e-03
   6.5292734e-03
   6.7206950e-03
   5.6791900e-03
   4.9695145e-03
   4.6797337e-03
   4.2814520e-03
   3.7584057e-03
   4.2145024e-03
   4.2160636e-03
   3.9937152e-03
   3.5922224e-03
   3.2378268e-03
   3.1686163e-03
   3.2821054e-03
   3.0971595e-03
   2.9329574e-03
   2.3040700e-03
   2.2373632e-03
   2.3089984e-03
   2.1641952e-03
   2.1261093e-03
   2.2314449e-03
   1.5084813e+02
   6.2145161e-01
   3.1258619e-01
   2.0057729e-01
   1.5060782e-01
   1.2028112e-01
   9.7428982e-02
   8.1815416e-02
   6.9861103e-02
   6.1120062e-02
   5.3921841e-02
   4.8789104e-02
   4.1661646e-02
   3.8806695e-02
   3.6585300e-02
   3.1788958e-02
   2.9428245e-02
   2.7398166e-02
   2.7280904e-02
   2.4801349e-02
   2.1408642e-02
   2.0946703e-02
   1.9879134e-02
   1.7928243e-02
   1.6910689e-02
   1.5430769e-02
   1.6254801e-02
   1.5415917e-02
   1.3712259e-02
   1.1752576e-02
   1.2313233e-02
   1.1991012e-02
   1.0468653e-02
   1.1080607e-02
   9.5828429e-03
   9.6459525e-03
   8.5282902e-03
   7.3508945e-03
   6.6535757e-03
   7.2812503e-03
   6.0325490e-03
   5.8055347e-03
   5.4935621e-03
   5.1536134e-03
   4.5444648e-03
   4.1870426e-03
   3.8458691e-03
   3.5947882e-03
   4.1100931e-03
   3.8533945e-03
   3.5321887e-03
   3.8211155e-03
   4.0863267e-03
   3.1766184e-03
   3.4390923e-03
   3.2976985e-03
   1.5015341e+02
   5.4116324e-01
   2.3643811e-01
   1.5835727e-01
   1.2550793e-01
   9.8966149e-02
   8.2304786e-02
   6.9310313e-02
   5.7937102e-02
   5.2481896e-02
   4.5384199e-02
   3.9350231e-02
   3.5769172e-02
   3.0591736e-02
   2.7851691e-02
   2.4787089e-02
   2.3026978e-02
   2.0915831e-02
   1.7479498e-02
   1.5348324e-02
   1.6337574e-02
   1.4095288e-02
   1.2885562e-02
   1.2862903e-02
   1.1097256e-02
   1.1123086e-02
   9.4711702e-03
   9.9091700e-03
   8.0320984e-03
   8.8663885e-03
   7.6559967e-03
   7.6643323e-03
   7.4550492e-03
   7.1875421e-03
   6.2477118e-03
   6.2202341e-03
   6.3179783e-03
   6.2768171e-03
   6.0539418e-03
   5.9601696e-03
   5.7347355e-03
   5.3723566e-03
   5.6971420e-03
   5.6830236e-03
   5.5281721e-03
   5.0362755e-03
   5.0973094e-03
   4.7571463e-03
   4.5741753e-03
   4.5604704e-03
   4.0875801e-03
   3.9005281e-03
   3.9641451e-03
   3.6696716e-03
   3.5507738e-03
   3.0577666e-03
   1.5019549e+02
   1.0309270e+00
   5.3019072e-01
   3.5368237e-01
   2.7733936e-01
   2.1854680e-01
   1.7903198e-01
   1.5048796e-01
   1.2834320e-01
   1.0979780e-01
   9.8118373e-02
   8.5924437e-02
   7.5969691e-02
   6.5628083e-02
   5.9290763e-02
   5.2800345e-02
   4.8126707e-02
   4.4072903e-02
   4.0642703e-02
   3.7127878e-02
   3.4901117e-02
   3.1900112e-02
   2.9511639e-02
   2.8207898e-02
   2.6121601e-02
   2.3823761e-02
   2.2173065e-02
   2.2047042e-02
   2.0532536e-02
   1.9760691e-02
   1.8226577e-02
   1.7380451e-02
   1.6179781e-02
   1.4892113e-02
   1.4023666e-02
   1.2831927e-02
   1.1857580e-02
   1.0297759e-02
   9.7967938e-03
   9.0974179e-03
   7.8616027e-03
   8.2811383e-03
   7.8182932e-03
   7.6224794e-03
   7.3449328e-03
   6.2702519e-03
   4.8834122e-03
   4.2274321e-03
   3.7335936e-03
   3.2411010e-03
   2.9792145e-03
   3.1706001e-03
   2.8132372e-03
   2.4990524e-03
   1.9652165e-03
   1.2476447e-03
   1.4899236e+02
   1.2146502e+00
   6.2286510e-01
   4.2337912e-01
   3.3693113e-01
   2.6813255e-01
   2.2225069e-01
   1.8861709e-01
   1.6107563e-01
   1.3962216e-01
   1.2421671e-01
   1.0938656e-01
   9.6144733e-02
   8.6269442e-02
   7.8337588e-02
   7.0577252e-02
   6.3370954e-02
   5.7465527e-02
   5.4236009e-02
   5.0286368e-02
   4.5971690e-02
   4.2539330e-02
   4.0288582e-02
   3.8368059e-02
   3.5425004e-02
   3.2152822e-02
   3.1430824e-02
   2.9803752e-02
   2.6638335e-02
   2.6773228e-02
   2.5567807e-02
   2.2792564e-02
   2.1243565e-02
   1.9898058e-02
   1.9032395e-02
   1.7077935e-02
   1.6223914e-02
   1.3820226e-02
   1.3154633e-02
   1.2040593e-02
   1.1436431e-02
   9.9916549e-03
   9.3427427e-03
   9.4576586e-03
   8.9368485e-03
   7.8013120e-03
   6.7740817e-03
   6.0137254e-03
   5.3534553e-03
   4.7160233e-03
   4.2062650e-03
   3.9130962e-03
   3.4388051e-03
   2.9362922e-03
   2.4267297e-03
   2.1382658e-03
   1.4918676e+02
   5.9032409e-01
   2.4309732e-01
   1.5150759e-01
   1.1535545e-01
   8.8245323e-02
   7.1767222e-02
   6.0603024e-02
   5.1954579e-02
   4.6192844e-02
   4.0603129e-02
   3.6762011e-02
   3.3030412e-02
   2.9495977e-02
   2.6679410e-02
   2.2734226e-02
   2.1474595e-02
   1.9382217e-02
   1.7615516e-02
   1.6063808e-02
   1.5801741e-02
   1.4241831e-02
   1.3280468e-02
   1.2982659e-02
   1.1168426e-02
   1.0758920e-02
   9.6804739e-03
   9.2873391e-03
   8.4013421e-03
   8.6506233e-03
   7.6472689e-03
   6.3888816e-03
   6.2166094e-03
   6.4499614e-03
   6.0522772e-03
   4.9870907e-03
   4.0866905e-03
   3.9407372e-03
   3.9077364e-03
   3.7385925e-03
   3.4291597e-03
   3.0939800e-03
   2.9943560e-03
   3.0260588e-03
   2.8628623e-03
   2.4636126e-03
   2.5457695e-03
   2.3350578e-03
   1.8503496e-03
   1.7900024e-03
   1.7405472e-03
   1.6225448e-03
   1.5678610e-03
   1.5246373e-03
   1.2460563e-03
   1.0733586e-03
   1.5010365e+02
   5.5562588e-01
   2.1988407e-01
   1.3279568e-01
   9.8605423e-02
   7.5326680e-02
   5.9499260e-02
   4.9824676e-02
   4.3554070e-02
   3.7039435e-02
   3.4299466e-02
   2.9748898e-02
   2.6544738e-02
   2.3519124e-02
   2.2364460e-02
   1.9567394e-02
   1.8610654e-02
   1.7551298e-02
   1.5843125e-02
   1.5548284e-02
   1.4220362e-02
   1.3419371e-02
   1.2980990e-02
   1.1845017e-02
   1.0778643e-02
   9.7461728e-03
   9.1975335e-03
   8.5903067e-03
   7.6641917e-03
   7.1394887e-03
   6.5894226e-03
   5.7805687e-03
   5.7383441e-03
   4.8357459e-03
   4.1391504e-03
   5.0360406e-03
   4.7870339e-03
   3.8800360e-03
   4.4452842e-03
   4.5519863e-03
   3.9919174e-03
   3.4184847e-03
   3.8405536e-03
   3.5436700e-03
   3.1088622e-03
   3.0569940e-03
   2.9743902e-03
   3.0138112e-03
   2.8403006e-03
   2.5570363e-03
   2.1805050e-03
   1.3900478e-03
   9.9234268e-04
   9.7402423e-04
   1.0920555e-03
   9.9910843e-04
   1.4999754e+02
   5.2725812e-01
   2.1566213e-01
   1.3167379e-01
   9.6719920e-02
   7.3483928e-02
   5.8692589e-02
   4.9334493e-02
   4.1809440e-02
   3.6029559e-02
   3.2896140e-02
   2.9703044e-02
   2.6594763e-02
   2.3240052e-02
   2.1708043e-02
   1.9591630e-02
   1.8210523e-02
   1.6268438e-02
   1.4979533e-02
   1.4618022e-02
   1.3513261e-02
   1.2502077e-02
   1.1723383e-02
   1.0659376e-02
   1.0486186e-02
   9.5694050e-03
   8.3798230e-03
   8.5115814e-03
   7.8367183e-03
   7.3410747e-03
   7.2812020e-03
   6.7254938e-03
   6.7008453e-03
   6.2331872e-03
   5.3078901e-03
   5.9329202e-03
   5.4501807e-03
   4.7880887e-03
   4.7940858e-03
   4.4588671e-03
   3.8266430e-03
   3.3676043e-03
   3.1725386e-03
   3.1225364e-03
   3.0020013e-03
   2.9085293e-03
   2.3883699e-03
   2.2209509e-03
   2.1297584e-03
   2.1413437e-03
   1.8593598e-03
   1.6084370e-03
   1.4931752e-03
   1.3269368e-03
   1.4083092e-03
   1.2685110e-03
   1.4991660e+02
   4.8075530e-01
   2.1449497e-01
   1.2838773e-01
   9.6428500e-02
   7.3372708e-02
   5.8304209e-02
   4.9333501e-02
   4.1928552e-02
   3.6880002e-02
   3.3074241e-02
   2.9302152e-02
   2.6063193e-02
   2.3106836e-02
   2.0731021e-02
   1.9513244e-02
   1.7963467e-02
   1.6832917e-02
   1.5030128e-02
   1.3999968e-02
   1.3040595e-02
   1.2722956e-02
   1.1577230e-02
   1.1327575e-02
   1.1136387e-02
   9.9306503e-03
   9.0681073e-03
   8.7249761e-03
   8.4206485e-03
   7.7556329e-03
   6.9261713e-03
   7.1119587e-03
   6.8693612e-03
   6.3604085e-03
   5.4405252e-03
   5.2565118e-03
   5.3831304e-03
   4.4510147e-03
   4.4519479e-03
   4.6490034e-03
   4.0574275e-03
   3.6638171e-03
   3.6847786e-03
   3.5134148e-03
   2.8916015e-03
   2.5313939e-03
   2.4860866e-03
   2.2055032e-03
   2.0459462e-03
   1.8614626e-03
   1.6847451e-03
   1.7105676e-03
   1.7032781e-03
   1.6280210e-03
   1.2839316e-03
   1.1750059e-03
   1.5011199e+02
   4.8424340e-01
   2.1562106e-01
   1.3271031e-01
   9.8683667e-02
   7.5737408e-02
   6.1213437e-02
   5.1350309e-02
   4.3616065e-02
   3.9097273e-02
   3.4383366e-02
   3.1030732e-02
   2.6952183e-02
   2.5009897e-02
   2.2539550e-02
   2.1015440e-02
   1.8468014e-02
   1.7620214e-02
   1.6633082e-02
   1.5714906e-02
   1.4539215e-02
   1.3296802e-02
   1.2202019e-02
   1.1848442e-02
   1.1264596e-02
   1.0249967e-02
   1.0185095e-02
   9.5378133e-03
   8.8123569e-03
   8.5676392e-03
   7.8786088e-03
   7.3204334e-03
   7.4836313e-03
   6.6351784e-03
   5.6657508e-03
   5.9372616e-03
   5.0694863e-03
   4.1520918e-03
   4.2141388e-03
   4.7137034e-03
   3.3647724e-03
   3.1398171e-03
   2.6223591e-03
   2.5243128e-03
   2.3657975e-03
   2.4667780e-03
   2.2370681e-03
   2.0310937e-03
   1.9169730e-03
   2.1341814e-03
   1.8251884e-03
   1.7481124e-03
   1.6568945e-03
   1.5595405e-03
   1.3315135e-03
   1.1074453e-03
   1.5007023e+02
   5.4509736e-01
   2.3062744e-01
   1.4272039e-01
   1.0601491e-01
   8.1443526e-02
   6.6982887e-02
   5.5559292e-02
   4.6097410e-02
   4.1762807e-02
   3.7484688e-02
   3.3523986e-02
   2.8783076e-02
   2.5673968e-02
   2.3244174e-02
   2.1288924e-02
   1.9380590e-02
   1.8425456e-02
   1.6559344e-02
   1.5047189e-02
   1.4787778e-02
   1.3149939e-02
   1.3205828e-02
   1.2414731e-02
   1.1387835e-02
   1.1308026e-02
   1.0049892e-02
   9.5333244e-03
   7.9355490e-03
   8.0322435e-03
   7.6005009e-03
   7.7907223e-03
   7.1288307e-03
   7.1560751e-03
   5.9608520e-03
   5.6345401e-03
   5.9042840e-03
   5.1066394e-03
   5.2597580e-03
   4.8205302e-03
   4.6174824e-03
   4.5387582e-03
   4.0358396e-03
   4.1525698e-03
   3.9009241e-03
   3.7918980e-03
   3.5880263e-03
   3.5378862e-03
   3.5341807e-03
   3.3033961e-03
   3.0681337e-03
   2.8412578e-03
   2.7348312e-03
   2.9502021e-03
   2.9322673e-03
   2.9190623e-03
   1.5006344e+02
   5.3076640e-01
   2.2843662e-01
   1.4095549e-01
   1.0548081e-01
   8.0402123e-02
   6.4806520e-02
   5.3621318e-02
   4.6121024e-02
   4.0630381e-02
   3.6473575e-02
   3.1797947e-02
   2.8838903e-02
   2.6067527e-02
   2.3585511e-02
   2.0610724e-02
   1.9330150e-02
   1.8068713e-02
   1.6589368e-02
   1.4371618e-02
   1.3521536e-02
   1.2850708e-02
   1.2049891e-02
   1.1841650e-02
   1.0840764e-02
   1.0241033e-02
   9.4721818e-03
   9.3282918e-03
   8.4502641e-03
   7.9512915e-03
   7.6307256e-03
   7.4858975e-03
   6.7617213e-03
   6.2365829e-03
   5.7437157e-03
   5.5574351e-03
   5.1218501e-03
   3.8461918e-03
   4.4078536e-03
   4.0782327e-03
   3.7615232e-03
   3.2475419e-03
   3.1902551e-03
   3.0439368e-03
   2.7286753e-03
   2.5790230e-03
   2.4416563e-03
   2.3500943e-03
   2.0781178e-03
   1.8261989e-03
   1.8259135e-03
   1.7198103e-03
   1.5366544e-03
   1.5478226e-03
   1.1917675e-03
   1.2298194e-03
   1.5002171e+02
   5.1925537e-01
   2.2749907e-01
   1.4003315e-01
   1.0586190e-01
   7.9592646e-02
   6.5433410e-02
   5.4039438e-02
   4.6352041e-02
   3.9659085e-02
   3.6490037e-02
   3.2081219e-02
   2.8917704e-02
   2.5333122e-02
   2.2981414e-02
   2.1028473e-02
   1.9619994e-02
   1.7312627e-02
   1.6606485e-02
   1.4916559e-02
   1.3804588e-02
   1.3128806e-02
   1.2159695e-02
   1.2071819e-02
   1.1180940e-02
   9.9290980e-03
   9.4338071e-03
   8.7142096e-03
   8.0559711e-03
   7.3091149e-03
   6.9517188e-03
   7.2209837e-03
   6.2827949e-03
   6.2922373e-03
   6.1746016e-03
   5.6795991e-03
   4.6997909e-03
   4.3775548e-03
   4.0658791e-03
   3.8246770e-03
   3.7466236e-03
   3.2300668e-03
   2.9767510e-03
   2.8512023e-03
   2.5110893e-03
   2.4390163e-03
   2.0583636e-03
   2.0965663e-03
   1.8711812e-03
   1.7148054e-03
   1.5669925e-03
   1.7031094e-03
   1.9301265e-03
   1.7379364e-03
   1.6497043e-03
   1.7482613e-03
   1.4999479e+02
   5.1346987e-01
   2.2886911e-01
   1.4277986e-01
   1.0612286e-01
   8.1846268e-02
   6.7113152e-02
   5.5347093e-02
   4.6454876e-02
   4.0323203e-02
   3.6909888e-02
   3.2548024e-02
   2.8742608e-02
   2.5522094e-02
   2.3773228e-02
   2.0962747e-02
   1.9895015e-02
   1.7377236e-02
   1.5455292e-02
   1.4585952e-02
   1.3746197e-02
   1.3411893e-02
   1.2758643e-02
   1.1747237e-02
   1.0880631e-02
   1.0649219e-02
   9.2112296e-03
   9.5352401e-03
   8.6926510e-03
   7.9548134e-03
   7.0791966e-03
   6.5661007e-03
   6.5029411e-03
   6.2009401e-03
   5.3542948e-03
   5.5650506e-03
   5.0617303e-03
   3.5918708e-03
   4.1793501e-03
   4.2359303e-03
   3.2400896e-03
   3.3545448e-03
   3.2358466e-03
   3.0978748e-03
   2.7885481e-03
   2.5321077e-03
   2.3388937e-03
   2.1475529e-03
   2.0589938e-03
   2.2097144e-03
   2.0531137e-03
   1.7425181e-03
   1.5117157e-03
   1.4626028e-03
   1.4339832e-03
   1.3122228e-03
   1.5012204e+02
   5.6924593e-01
   2.5086128e-01
   1.4937834e-01
   1.0781140e-01
   7.8967773e-02
   6.4349888e-02
   5.1595365e-02
   4.5817626e-02
   3.8016015e-02
   3.5884336e-02
   3.1794113e-02
   2.6958107e-02
   2.5137868e-02
   2.1769669e-02
   2.0474762e-02
   1.9302886e-02
   1.6838550e-02
   1.5529084e-02
   1.6197908e-02
   1.4817568e-02
   1.3841031e-02
   1.4138614e-02
   1.4571782e-02
   1.2481739e-02
   1.1879586e-02
   1.2931866e-02
   1.2191784e-02
   1.0155329e-02
   1.0145645e-02
   8.3733940e-03
   7.3150681e-03
   7.9927092e-03
   6.6412226e-03
   6.6349349e-03
   7.2768720e-03
   6.7101625e-03
   6.2249727e-03
   5.4896981e-03
   4.7678734e-03
   4.0063777e-03
   3.1259912e-03
   2.5089757e-03
   2.1600295e-03
   1.8013800e-03
   1.8041671e-03
   1.9441843e-03
   2.0343331e-03
   2.2572485e-03
   2.3393614e-03
   2.5185455e-03
   2.5871193e-03
   2.2587417e-03
   1.5888747e-03
   1.2331919e-03
   1.1854437e-03
   1.5025942e+02
   5.8161855e-01
   2.5130076e-01
   1.4446742e-01
   1.0247233e-01
   7.3715405e-02
   5.9077744e-02
   4.9372389e-02
   3.9732006e-02
   3.5284891e-02
   3.1562353e-02
   2.7887630e-02
   2.5203323e-02
   2.1105232e-02
   1.9541339e-02
   1.8405135e-02
   1.6212969e-02
   1.4386719e-02
   1.3253550e-02
   1.3214136e-02
   1.3329201e-02
   1.2395878e-02
   1.1474023e-02
   1.1140549e-02
   1.0955019e-02
   1.0215026e-02
   9.3264930e-03
   9.9613671e-03
   8.6245615e-03
   8.7756802e-03
   7.3266128e-03
   7.9583867e-03
   7.6430622e-03
   7.4022355e-03
   6.5400178e-03
   6.1448207e-03
   4.3916755e-03
   4.6494835e-03
   3.8972217e-03
   3.8333608e-03
   3.3030340e-03
   2.3612792e-03
   2.0855343e-03
   2.4928141e-03
   2.3221865e-03
   2.0811781e-03
   2.2971925e-03
   2.0155235e-03
   2.1055313e-03
   2.4092696e-03
   2.4098178e-03
   2.4137177e-03
   2.3290650e-03
   2.7088495e-03
   1.8475470e-03
   1.4950815e-03
   1.4962941e+02
   4.4190877e-01
   2.0590855e-01
   1.2226458e-01
   8.8837621e-02
   6.4852934e-02
   5.1371468e-02
   4.2710946e-02
   3.7292687e-02
   3.1130917e-02
   2.8320649e-02
   2.4297107e-02
   2.2245299e-02
   2.0312766e-02
   1.8497499e-02
   1.6220541e-02
   1.6045662e-02
   1.3811711e-02
   1.3623177e-02
   1.2472821e-02
   1.1325449e-02
   1.0954753e-02
   1.0499972e-02
   9.6723254e-03
   8.2661648e-03
   8.2123043e-03
   7.5616184e-03
   6.8350290e-03
   6.5098359e-03
   6.8344465e-03
   6.5122292e-03
   5.8709594e-03
   5.5914823e-03
   5.3881783e-03
   4.3709728e-03
   3.8806838e-03
   3.5296824e-03
   3.3121649e-03
   3.3179367e-03
   2.8113070e-03
   2.4019098e-03
   2.4730419e-03
   2.3539201e-03
   2.5054309e-03
   2.2711007e-03
   2.3117711e-03
   2.0433057e-03
   2.0005605e-03
   1.9178531e-03
   1.9639474e-03
   1.9292118e-03
   1.8767452e-03
   1.6813945e-03
   1.8158509e-03
   1.4838160e-03
   1.2999477e-03
