   1.4970131e+02
   9.0434731e+00
   2.7040816e+00
   1.7043050e+00
   1.2291427e+00
   9.5997370e-01
   7.7572317e-01
   6.3681870e-01
   5.3717625e-01
   4.5852413e-01
   3.8933899e-01
   3.3785298e-01
   2.9508377e-01
   2.5890337e-01
   2.2417296e-01
   1.9697508e-01
   1.7421401e-01
   1.5164948e-01
   1.3286219e-01
   1.2142186e-01
   1.0628576e-01
   9.4350342e-02
   8.3410942e-02
   7.2512323e-02
   6.6372220e-02
   5.8239959e-02
   5.3591473e-02
   4.7839213e-02
   4.4452179e-02
   3.7203551e-02
   3.2843958e-02
   3.0257521e-02
   2.9582697e-02
   2.6710410e-02
   2.5104286e-02
   2.2842435e-02
   2.1242043e-02
   1.9026752e-02
   1.7877367e-02
   1.8110607e-02
   1.6218070e-02
   1.5152066e-02
   1.3876596e-02
   1.3062774e-02
   1.3288941e-02
   1.2580471e-02
   1.1432397e-02
   1.1314214e-02
   9.7629064e-03
   1.0615287e-02
   9.3097897e-03
   8.7383093e-03
   8.4105331e-03
   7.9398049e-03
   7.0695589e-03
   7.3885605e-03
   1.5019520e+02
   8.5199038e+00
   2.2958961e+00
   1.4629453e+00
   1.0689865e+00
   8.1753961e-01
   6.4412259e-01
   5.3038538e-01
   4.3075013e-01
   3.6596963e-01
   3.1123250e-01
   2.6660979e-01
   2.2798487e-01
   1.9956212e-01
   1.7266949e-01
   1.5140559e-01
   1.3461518e-01
   1.1836675e-01
   1.0349780e-01
   9.2940669e-02
   8.3959538e-02
   7.3852232e-02
   6.6902752e-02
   6.0697511e-02
   5.5925024e-02
   5.1521289e-02
   4.7779885e-02
   4.3357961e-02
   3.8752666e-02
   3.8161087e-02
   3.4802790e-02
   3.2770646e-02
   2.9687059e-02
   2.7801406e-02
   2.6231232e-02
   2.4880706e-02
   2.2914016e-02
   2.1655532e-02
   2.0544931e-02
   1.9566499e-02
   1.9272691e-02
   1.7848083e-02
   1.7782212e-02
   1.6331220e-02
   1.5478893e-02
   1.4878988e-02
   1.4423300e-02
   1.3544700e-02
   1.3023999e-02
   1.1810513e-02
   1.0620078e-02
   1.0075755e-02
   9.6203574e-03
   9.2738769e-03
   8.5400518e-03
   7.7939546e-03
   1.4827603e+02
   8.7000884e+00
   2.3922687e+00
   1.5394793e+00
   1.1324063e+00
   8.7168299e-01
   7.0841395e-01
   5.8299534e-01
   4.9095463e-01
   4.0958228e-01
   3.4871576e-01
   3.0441675e-01
   2.5931783e-01
   2.3102434e-01
   2.0686925e-01
   1.8189749e-01
   1.6098465e-01
   1.3889875e-01
   1.2463467e-01
   1.1314633e-01
   1.0123615e-01
   9.0264597e-02
   8.2891540e-02
   7.4615707e-02
   6.7757198e-02
   6.0963788e-02
   5.5149529e-02
   4.9813688e-02
   4.7130343e-02
   4.2735761e-02
   3.9929865e-02
   3.5888184e-02
   3.5196823e-02
   3.2511448e-02
   3.0654192e-02
   2.8298403e-02
   2.6684978e-02
   2.5278542e-02
   2.3419807e-02
   2.2181922e-02
   2.0891822e-02
   1.9637054e-02
   1.8885565e-02
   1.7487283e-02
   1.7444850e-02
   1.5425674e-02
   1.4754416e-02
   1.5151132e-02
   1.3800104e-02
   1.2620364e-02
   1.2076049e-02
   1.1678498e-02
   1.1165286e-02
   9.6763992e-03
   9.2747433e-03
   8.7605220e-03
   1.4593565e+02
   8.2059654e+00
   1.8471662e+00
   1.1022468e+00
   7.8761699e-01
   6.1417886e-01
   4.7325164e-01
   3.9431445e-01
   3.1667605e-01
   2.8170508e-01
   2.3622936e-01
   2.0039500e-01
   1.7648483e-01
   1.4705962e-01
   1.3273636e-01
   1.1500896e-01
   1.0305708e-01
   9.0910274e-02
   8.3901537e-02
   7.6671151e-02
   6.8542134e-02
   6.3198881e-02
   5.8360196e-02
   5.3365581e-02
   5.0702982e-02
   4.8053316e-02
   4.2366800e-02
   4.2135417e-02
   3.9112223e-02
   3.6808528e-02
   3.7191598e-02
   3.4967340e-02
   3.2855115e-02
   3.2333607e-02
   3.0492253e-02
   2.8964811e-02
   2.8027043e-02
   2.7649700e-02
   2.5778047e-02
   2.4426869e-02
   2.3779400e-02
   2.3966721e-02
   2.2236728e-02
   2.1628694e-02
   2.0727080e-02
   1.9125425e-02
   1.7623754e-02
   1.7252370e-02
   1.6935859e-02
   1.6694244e-02
   1.5560716e-02
   1.5214630e-02
   1.3816091e-02
   1.2936781e-02
   1.1972572e-02
   1.1449479e-02
   1.4934277e+02
   7.9804048e+00
   1.8612730e+00
   1.2125452e+00
   8.9863124e-01
   6.9014253e-01
   5.7723478e-01
   4.6645432e-01
   4.0521733e-01
   3.4725531e-01
   2.8835242e-01
   2.4925299e-01
   2.2125250e-01
   1.9918909e-01
   1.7169370e-01
   1.5001578e-01
   1.3288982e-01
   1.2200579e-01
   1.0987848e-01
   1.0028545e-01
   8.9673640e-02
   8.2892214e-02
   7.5756293e-02
   6.9276250e-02
   6.4632311e-02
   5.9697139e-02
   5.6586206e-02
   5.2085276e-02
   4.9469021e-02
   4.8343821e-02
   4.4906424e-02
   4.2869695e-02
   4.0193518e-02
   3.9111277e-02
   3.6086474e-02
   3.5071864e-02
   3.3163142e-02
   3.3117526e-02
   3.0920410e-02
   2.8880397e-02
   2.7414403e-02
   2.6026575e-02
   2.5410719e-02
   2.4320592e-02
   2.3833019e-02
   2.2188421e-02
   2.1084908e-02
   1.9878085e-02
   1.9540771e-02
   1.8298661e-02
   1.7800045e-02
   1.6828133e-02
   1.5817560e-02
   1.4770193e-02
   1.4613384e-02
   1.3779623e-02
   1.4706792e+02
   7.1083850e+00
   1.1623880e+00
   6.8881425e-01
   5.1577854e-01
   3.7855305e-01
   2.7803933e-01
   2.4433088e-01
   1.9885445e-01
   1.5683036e-01
   1.2856422e-01
   1.0925988e-01
   9.4952148e-02
   9.0104121e-02
   8.2418704e-02
   7.2313671e-02
   6.5259462e-02
   5.7853980e-02
   5.5020768e-02
   5.1315246e-02
   4.7575632e-02
   4.4978656e-02
   4.2756667e-02
   4.0159645e-02
   3.9028664e-02
   3.6631432e-02
   3.4830923e-02
   3.3689108e-02
   3.4266113e-02
   3.1710618e-02
   2.9408421e-02
   2.9463198e-02
   2.7661219e-02
   2.8051609e-02
   2.6492384e-02
   2.6533480e-02
   2.5842379e-02
   2.4537520e-02
   2.4044636e-02
   2.3236867e-02
   2.2290204e-02
   2.1368673e-02
   2.1682554e-02
   1.9905088e-02
   1.8509382e-02
   1.8688536e-02
   1.8076217e-02
   1.6612940e-02
   1.6414244e-02
   1.6028007e-02
   1.4544442e-02
   1.3347099e-02
   1.2484677e-02
   1.1272689e-02
   1.1006461e-02
   9.8287353e-03
   1.4930003e+02
   8.2331878e+00
   1.8633181e+00
   1.1589074e+00
   8.5438987e-01
   6.6642414e-01
   5.3311589e-01
   4.4994071e-01
   3.6938683e-01
   3.2458624e-01
   2.7870559e-01
   2.4483705e-01
   2.1999102e-01
   1.9311020e-01
   1.6708492e-01
   1.4773420e-01
   1.3243641e-01
   1.1751880e-01
   1.0796625e-01
   9.8861354e-02
   9.0755849e-02
   8.2773103e-02
   7.7592975e-02
   7.2240424e-02
   6.7734661e-02
   6.1093524e-02
   5.8335216e-02
   5.6483888e-02
   4.9353814e-02
   4.9469700e-02
   4.9529258e-02
   4.4965503e-02
   4.3297881e-02
   4.1796288e-02
   3.9605299e-02
   3.7828262e-02
   3.6089563e-02
   3.3236717e-02
   3.1559704e-02
   3.0919699e-02
   3.0620707e-02
   2.9679165e-02
   2.7521069e-02
   2.5801843e-02
   2.4618363e-02
   2.4290262e-02
   2.3188327e-02
   2.2515528e-02
   2.0521900e-02
   1.9864169e-02
   1.8143903e-02
   1.6979915e-02
   1.6027976e-02
   1.5161306e-02
   1.4496970e-02
   1.3620338e-02
   1.4936821e+02
   6.3194348e+00
   9.1005558e-01
   5.2278512e-01
   3.8745869e-01
   2.8463637e-01
   2.2078678e-01
   1.8269373e-01
   1.5370430e-01
   1.3091544e-01
   1.0814387e-01
   9.0754568e-02
   8.3548250e-02
   7.5921668e-02
   6.6754732e-02
   5.7644534e-02
   5.4325781e-02
   5.0207040e-02
   4.7349078e-02
   4.3810194e-02
   4.1191140e-02
   3.7857754e-02
   3.6468444e-02
   3.5519201e-02
   3.2633309e-02
   3.2028218e-02
   3.1381407e-02
   2.9940095e-02
   2.9236926e-02
   2.9290718e-02
   2.9721461e-02
   2.7951375e-02
   2.6093009e-02
   2.5951664e-02
   2.4927765e-02
   2.4097131e-02
   2.3372529e-02
   2.1913610e-02
   2.2073078e-02
   2.1542173e-02
   2.0808444e-02
   1.8512797e-02
   1.8723729e-02
   1.8168170e-02
   1.7675348e-02
   1.6241129e-02
   1.5479789e-02
   1.6123873e-02
   1.4630212e-02
   1.4002878e-02
   1.3167968e-02
   1.2961472e-02
   1.1962791e-02
   1.0863100e-02
   1.0388833e-02
   9.2179095e-03
   1.4837295e+02
   6.4032240e+00
   1.0921908e+00
   6.5738441e-01
   4.7820051e-01
   3.6726519e-01
   2.7142376e-01
   2.2422246e-01
   1.8313939e-01
   1.5038749e-01
   1.2959061e-01
   1.0893357e-01
   9.7066402e-02
   8.7945193e-02
   7.6732506e-02
   7.0701443e-02
   6.3551307e-02
   5.8160700e-02
   5.4698463e-02
   5.1887304e-02
   4.9851154e-02
   4.6222533e-02
   4.5055260e-02
   4.2646196e-02
   4.1720126e-02
   3.9906259e-02
   3.8165075e-02
   3.6871523e-02
   3.6051855e-02
   3.6742095e-02
   3.5665735e-02
   3.4967768e-02
   3.4186389e-02
   3.2746763e-02
   3.2892305e-02
   3.1716127e-02
   3.0902360e-02
   2.9196766e-02
   2.8172592e-02
   2.8459589e-02
   2.7504667e-02
   2.6558537e-02
   2.5364997e-02
   2.4049300e-02
   2.3048559e-02
   2.2305103e-02
   2.1556406e-02
   2.0849419e-02
   1.8896549e-02
   1.8738931e-02
   1.7662516e-02
   1.7135695e-02
   1.5615597e-02
   1.4915363e-02
   1.3957342e-02
   1.3430378e-02
   1.4770197e+02
   5.5574470e+00
   8.3735963e-01
   5.1259298e-01
   3.8262604e-01
   2.8657072e-01
   2.2259274e-01
   1.8816440e-01
   1.4901730e-01
   1.2786537e-01
   1.1158600e-01
   9.8727704e-02
   9.0221117e-02
   7.9179948e-02
   7.2488150e-02
   6.7447110e-02
   6.0211171e-02
   5.4473192e-02
   5.3644609e-02
   5.1003375e-02
   4.7838763e-02
   4.6031832e-02
   4.3896819e-02
   4.2586624e-02
   4.0623624e-02
   4.0766725e-02
   3.8360505e-02
   3.7851337e-02
   3.6496978e-02
   3.6349589e-02
   3.4149913e-02
   3.4143227e-02
   3.3346465e-02
   3.2193310e-02
   3.1876609e-02
   3.1088540e-02
   2.9466049e-02
   2.9456026e-02
   2.8378440e-02
   2.8391483e-02
   2.6240546e-02
   2.5171625e-02
   2.5246950e-02
   2.3928168e-02
   2.3069546e-02
   2.2138407e-02
   2.0955475e-02
   1.9668179e-02
   1.8595039e-02
   1.7629701e-02
   1.7304291e-02
   1.5983326e-02
   1.5593507e-02
   1.4643623e-02
   1.3912301e-02
   1.3234348e-02
   1.4752491e+02
   5.3289432e+00
   9.1320102e-01
   5.8472223e-01
   4.1214584e-01
   3.0891476e-01
   2.4633122e-01
   1.9133215e-01
   1.6246377e-01
   1.3870796e-01
   1.1332208e-01
   9.6399951e-02
   8.9352583e-02
   8.3319671e-02
   7.0754500e-02
   6.5311713e-02
   5.7323671e-02
   5.3600857e-02
   4.9720586e-02
   4.7463958e-02
   4.4742171e-02
   4.1252502e-02
   3.8728535e-02
   3.7380051e-02
   3.5965244e-02
   3.3904246e-02
   3.4099760e-02
   3.2704091e-02
   3.1166419e-02
   3.1430383e-02
   3.0559188e-02
   3.0975762e-02
   2.7652109e-02
   2.7085854e-02
   2.5916668e-02
   2.5698471e-02
   2.4598947e-02
   2.3832441e-02
   2.2955106e-02
   2.2236588e-02
   2.2626528e-02
   1.9972984e-02
   2.0202139e-02
   1.8008210e-02
   1.7823097e-02
   1.7731558e-02
   1.6877731e-02
   1.6228756e-02
   1.5506024e-02
   1.4173958e-02
   1.3443088e-02
   1.3189433e-02
   1.2204526e-02
   1.1989598e-02
   1.1261999e-02
   1.0912030e-02
   1.4754098e+02
   7.2015644e+00
   1.5834400e+00
   9.8816029e-01
   7.1989825e-01
   5.4988016e-01
   4.1999010e-01
   3.4849803e-01
   2.7778606e-01
   2.3921913e-01
   2.0631578e-01
   1.7848234e-01
   1.5106059e-01
   1.2993618e-01
   1.2065164e-01
   1.0869101e-01
   9.7887243e-02
   9.0541365e-02
   8.1607708e-02
   7.5572772e-02
   6.8175974e-02
   6.3378458e-02
   5.8332436e-02
   5.4468258e-02
   5.0944337e-02
   4.6333438e-02
   4.3292734e-02
   4.1310044e-02
   3.9551399e-02
   3.6367165e-02
   3.4142754e-02
   3.1089995e-02
   3.1149011e-02
   2.9396348e-02
   2.8156475e-02
   2.6436696e-02
   2.5071229e-02
   2.4074621e-02
   2.3287674e-02
   2.1603725e-02
   2.1192013e-02
   1.9813242e-02
   1.9210095e-02
   1.8031679e-02
   1.6516412e-02
   1.6438966e-02
   1.5662789e-02
   1.5251895e-02
   1.4308370e-02
   1.4181653e-02
   1.2652249e-02
   1.2099427e-02
   1.1540826e-02
   1.0551458e-02
   1.0397073e-02
   9.8349109e-03
   1.4504916e+02
   8.8490221e+00
   2.3152094e+00
   1.4490346e+00
   1.0345800e+00
   8.0226141e-01
   6.3916622e-01
   5.2714893e-01
   4.3446596e-01
   3.7407451e-01
   3.2582059e-01
   2.8340942e-01
   2.4795936e-01
   2.1534053e-01
   1.9450198e-01
   1.7452997e-01
   1.5783473e-01
   1.4224829e-01
   1.2976691e-01
   1.1949373e-01
   1.0875296e-01
   1.0118685e-01
   9.2686430e-02
   8.5332138e-02
   7.9077631e-02
   7.3245396e-02
   6.9004663e-02
   6.4273490e-02
   6.0372093e-02
   5.7254131e-02
   5.4030919e-02
   5.0362846e-02
   4.8676396e-02
   4.5985795e-02
   4.3814336e-02
   4.0993618e-02
   3.9818310e-02
   3.7567080e-02
   3.5343210e-02
   3.3485005e-02
   3.1778849e-02
   3.0445895e-02
   2.8733820e-02
   2.7230347e-02
   2.6015020e-02
   2.4974308e-02
   2.3316947e-02
   2.2480630e-02
   2.0588565e-02
   1.9592118e-02
   1.8408835e-02
   1.7763464e-02
   1.6674476e-02
   1.5327997e-02
   1.4371398e-02
   1.3945712e-02
   1.4887363e+02
   7.9388798e+00
   2.1243336e+00
   1.4133834e+00
   1.0302736e+00
   8.0477720e-01
   6.5875981e-01
   5.3900125e-01
   4.5848996e-01
   3.9352335e-01
   3.4048206e-01
   2.9982277e-01
   2.6902078e-01
   2.3771915e-01
   2.0893112e-01
   1.8732812e-01
   1.6991749e-01
   1.5135888e-01
   1.3543889e-01
   1.2563364e-01
   1.1514071e-01
   1.0605260e-01
   9.7705112e-02
   8.9018024e-02
   8.2680806e-02
   7.6738984e-02
   7.2323024e-02
   6.6994484e-02
   6.1892820e-02
   5.9217832e-02
   5.5828057e-02
   5.0817118e-02
   4.9890640e-02
   4.7699317e-02
   4.4486111e-02
   4.2158287e-02
   3.9541685e-02
   3.8237664e-02
   3.6187578e-02
   3.3804185e-02
   3.1656176e-02
   3.1148384e-02
   2.9126129e-02
   2.8082891e-02
   2.5799307e-02
   2.4487694e-02
   2.4471141e-02
   2.2350050e-02
   2.1275688e-02
   2.0904208e-02
   1.8932352e-02
   1.7561859e-02
   1.6574468e-02
   1.5310735e-02
   1.4560599e-02
   1.3158757e-02
   1.4876852e+02
   8.0791409e+00
   2.0384000e+00
   1.3033624e+00
   9.2968831e-01
   7.1291109e-01
   5.6371977e-01
   4.5838864e-01
   3.7926640e-01
   3.1697604e-01
   2.6620371e-01
   2.2918536e-01
   2.0078775e-01
   1.7410177e-01
   1.5225863e-01
   1.3375845e-01
   1.1720625e-01
   1.0378358e-01
   9.2486366e-02
   8.3016640e-02
   7.4488176e-02
   6.6443408e-02
   6.0212949e-02
   5.3856540e-02
   4.8964391e-02
   4.3925872e-02
   3.9632814e-02
   3.7223368e-02
   3.2598819e-02
   3.1761224e-02
   2.8945725e-02
   2.6817544e-02
   2.3743284e-02
   2.2726229e-02
   2.0528562e-02
   1.9909616e-02
   1.8505735e-02
   1.7610119e-02
   1.6373962e-02
   1.5276681e-02
   1.5589753e-02
   1.4199244e-02
   1.3569149e-02
   1.2737055e-02
   1.2449197e-02
   1.1079533e-02
   1.0343877e-02
   1.1390592e-02
   9.9112752e-03
   9.9906187e-03
   8.8143709e-03
   7.6652417e-03
   7.8179281e-03
   7.8689797e-03
   6.7089745e-03
   6.6596456e-03
   1.4882548e+02
   8.0293352e+00
   2.1561743e+00
   1.3986990e+00
   1.0244416e+00
   8.0265368e-01
   6.4946071e-01
   5.3282705e-01
   4.5074611e-01
   3.8479336e-01
   3.3085923e-01
   2.8586203e-01
   2.4986658e-01
   2.2041916e-01
   1.9753098e-01
   1.7706013e-01
   1.5624811e-01
   1.4173649e-01
   1.2725386e-01
   1.1626043e-01
   1.0496936e-01
   9.4018796e-02
   8.6466459e-02
   7.8703581e-02
   7.1801683e-02
   6.6183719e-02
   6.1429858e-02
   5.5460972e-02
   5.1750484e-02
   4.7538019e-02
   4.4054723e-02
   3.9980616e-02
   3.8612351e-02
   3.5270062e-02
   3.3196480e-02
   3.1206952e-02
   2.9246227e-02
   2.7258205e-02
   2.5652850e-02
   2.3634952e-02
   2.2176999e-02
   2.1376802e-02
   1.9732276e-02
   1.8686849e-02
   1.8351561e-02
   1.7112733e-02
   1.6188311e-02
   1.5160197e-02
   1.2815651e-02
   1.2313277e-02
   1.1874442e-02
   1.1493346e-02
   1.0396363e-02
   1.0198206e-02
   9.7366111e-03
   8.6820544e-03
   1.4871547e+02
   1.0260022e+01
   3.0200610e+00
   1.9175109e+00
   1.3885176e+00
   1.0926744e+00
   8.8579110e-01
   7.3662861e-01
   6.1699410e-01
   5.3017640e-01
   4.5469126e-01
   4.0013246e-01
   3.4896708e-01
   3.0352902e-01
   2.6969376e-01
   2.3692555e-01
   2.1207203e-01
   1.8838566e-01
   1.6755093e-01
   1.5208553e-01
   1.3406527e-01
   1.1962323e-01
   1.0776476e-01
   9.5631040e-02
   8.5264307e-02
   7.6402698e-02
   6.9025324e-02
   6.1805839e-02
   5.5774257e-02
   4.9052896e-02
   4.6295529e-02
   4.0377406e-02
   3.8524301e-02
   3.4800078e-02
   3.1958780e-02
   2.9362847e-02
   2.7246109e-02
   2.3878653e-02
   2.2574942e-02
   2.0670108e-02
   1.9063307e-02
   1.7104571e-02
   1.5806033e-02
   1.4947037e-02
   1.4064127e-02
   1.3334589e-02
   1.1600549e-02
   1.0976378e-02
   1.0550977e-02
   9.3459020e-03
   9.5152160e-03
   8.7759472e-03
   8.5933403e-03
   7.0635477e-03
   7.1512324e-03
   7.0306363e-03
   1.4912902e+02
   1.0077204e+01
   2.8726810e+00
   1.9038249e+00
   1.4365486e+00
   1.1463559e+00
   9.4710965e-01
   8.0295571e-01
   6.8729556e-01
   5.9982815e-01
   5.2179116e-01
   4.6197673e-01
   4.1349011e-01
   3.7259554e-01
   3.3323452e-01
   3.0033946e-01
   2.7197555e-01
   2.4833789e-01
   2.2523185e-01
   2.0897076e-01
   1.9092247e-01
   1.7552817e-01
   1.6321782e-01
   1.5006366e-01
   1.3927005e-01
   1.3046890e-01
   1.2134216e-01
   1.1335659e-01
   1.0746839e-01
   1.0081126e-01
   9.4569661e-02
   8.9515029e-02
   8.5295577e-02
   8.0719952e-02
   7.6497082e-02
   7.2550069e-02
   6.9066508e-02
   6.5992772e-02
   6.2846400e-02
   5.9702016e-02
   5.6669054e-02
   5.4440614e-02
   5.1755177e-02
   4.9528002e-02
   4.6746663e-02
   4.4154233e-02
   4.1886095e-02
   3.9640099e-02
   3.6444516e-02
   3.5528819e-02
   3.2866505e-02
   3.1437802e-02
   2.9470365e-02
   2.7615966e-02
   2.6046870e-02
   2.4086879e-02
   1.4954027e+02
   7.6680965e+00
   1.9641391e+00
   1.3063127e+00
   9.6242878e-01
   7.6034401e-01
   6.2355324e-01
   5.1603693e-01
   4.3653613e-01
   3.8148277e-01
   3.3195817e-01
   2.8982686e-01
   2.5580659e-01
   2.2207390e-01
   1.9951285e-01
   1.8073279e-01
   1.6109205e-01
   1.4444705e-01
   1.2953405e-01
   1.1857574e-01
   1.0666840e-01
   9.6369803e-02
   8.7146775e-02
   7.9919440e-02
   7.3142320e-02
   6.5669524e-02
   6.1069284e-02
   5.6477169e-02
   5.0596950e-02
   4.8348987e-02
   4.5045303e-02
   4.0411217e-02
   3.9286287e-02
   3.6469014e-02
   3.3334885e-02
   3.1280971e-02
   2.8603521e-02
   2.7095625e-02
   2.6503881e-02
   2.4235471e-02
   2.2625879e-02
   2.1919672e-02
   2.0931861e-02
   1.9384181e-02
   1.7982609e-02
   1.7147694e-02
   1.6765539e-02
   1.4444997e-02
   1.4455485e-02
   1.2586428e-02
   1.2431747e-02
   1.1662450e-02
   1.0419970e-02
   1.0574828e-02
   1.0272983e-02
   9.9012358e-03
   1.4990008e+02
   8.1647937e+00
   2.1489008e+00
   1.4046881e+00
   1.0586151e+00
   8.3887392e-01
   6.9499090e-01
   5.8635161e-01
   4.9706209e-01
   4.3703384e-01
   3.7785154e-01
   3.3138548e-01
   2.9355210e-01
   2.6042150e-01
   2.3728751e-01
   2.0951088e-01
   1.8963481e-01
   1.6787164e-01
   1.5447939e-01
   1.4054011e-01
   1.2774223e-01
   1.1637594e-01
   1.0488592e-01
   9.7839254e-02
   8.9293643e-02
   8.1399269e-02
   7.5753664e-02
   6.9707761e-02
   6.5376531e-02
   6.1233936e-02
   5.7250668e-02
   5.3438389e-02
   5.0861550e-02
   4.7713687e-02
   4.5327401e-02
   4.3290691e-02
   3.9494352e-02
   3.7680927e-02
   3.5417437e-02
   3.3893924e-02
   3.2325752e-02
   3.0386131e-02
   2.7940485e-02
   2.6491822e-02
   2.4457945e-02
   2.3146695e-02
   2.1694316e-02
   2.0419782e-02
   1.9217412e-02
   1.7987728e-02
   1.6857678e-02
   1.5921996e-02
   1.5229772e-02
   1.4579961e-02
   1.3472796e-02
   1.2668753e-02
   1.4957594e+02
   6.3986890e+00
   1.3372787e+00
   8.7543728e-01
   6.5748265e-01
   5.2242268e-01
   4.2291555e-01
   3.6106510e-01
   3.1011524e-01
   2.5609045e-01
   2.2495695e-01
   1.9909426e-01
   1.7515470e-01
   1.5920476e-01
   1.4587918e-01
   1.2826637e-01
   1.1496063e-01
   1.0437414e-01
   9.5719343e-02
   8.6647356e-02
   7.9209551e-02
   7.3109458e-02
   6.7237582e-02
   6.1365308e-02
   5.5365149e-02
   5.1448874e-02
   4.7979456e-02
   4.4391132e-02
   4.1676712e-02
   3.8469115e-02
   3.6097905e-02
   3.3682395e-02
   3.1273210e-02
   2.9179851e-02
   2.7686058e-02
   2.4583620e-02
   2.3988790e-02
   2.2389999e-02
   2.0328500e-02
   1.9977390e-02
   1.8891904e-02
   1.7312584e-02
   1.6487692e-02
   1.6182898e-02
   1.5585633e-02
   1.4376561e-02
   1.3564574e-02
   1.3418764e-02
   1.2203982e-02
   1.1243935e-02
   1.1069770e-02
   1.0333184e-02
   9.3198047e-03
   8.6192408e-03
   8.4745597e-03
   7.8827116e-03
   1.4905223e+02
   7.7612688e+00
   1.9264946e+00
   1.2519039e+00
   8.9394818e-01
   6.9466926e-01
   5.6374495e-01
   4.5668749e-01
   3.9193511e-01
   3.3062929e-01
   2.8132150e-01
   2.4142529e-01
   2.1702710e-01
   1.9288503e-01
   1.6985244e-01
   1.5039275e-01
   1.3370023e-01
   1.1851875e-01
   1.0990041e-01
   9.7374346e-02
   8.8366896e-02
   7.9002077e-02
   7.2509967e-02
   6.5285068e-02
   5.8730544e-02
   5.3393830e-02
   4.8949925e-02
   4.5088269e-02
   3.9992382e-02
   3.7411481e-02
   3.5821244e-02
   3.0850750e-02
   2.9716146e-02
   2.7768689e-02
   2.5181741e-02
   2.3868362e-02
   2.1926277e-02
   1.9611810e-02
   1.8919249e-02
   1.7389949e-02
   1.6625859e-02
   1.5866642e-02
   1.4366575e-02
   1.3408313e-02
   1.2492734e-02
   1.2429450e-02
   1.1531452e-02
   9.8242567e-03
   9.9503963e-03
   9.1454256e-03
   8.7357282e-03
   7.9304611e-03
   7.8168848e-03
   6.2900728e-03
   6.2347442e-03
   6.3411038e-03
   1.4888598e+02
   6.9682006e+00
   1.6393162e+00
   1.0742196e+00
   8.0164053e-01
   6.5206734e-01
   5.1966066e-01
   4.4781271e-01
   3.6565312e-01
   3.1461298e-01
   2.7881449e-01
   2.4636113e-01
   2.1073382e-01
   1.7872249e-01
   1.6675340e-01
   1.4910037e-01
   1.3341177e-01
   1.2037025e-01
   1.0579339e-01
   9.8617399e-02
   8.8780223e-02
   7.9511213e-02
   7.2161822e-02
   6.5612618e-02
   6.0779037e-02
   5.4201683e-02
   4.9684005e-02
   4.6079902e-02
   4.3210093e-02
   3.9072953e-02
   3.5701020e-02
   3.3252954e-02
   3.1098949e-02
   2.9365642e-02
   2.7708348e-02
   2.5812489e-02
   2.3431275e-02
   2.2588337e-02
   2.1325480e-02
   1.9923070e-02
   1.8342458e-02
   1.7067194e-02
   1.6241874e-02
   1.5025130e-02
   1.5061710e-02
   1.3585994e-02
   1.2576861e-02
   1.0944364e-02
   9.9043576e-03
   9.4503315e-03
   9.1090288e-03
   8.6026462e-03
   9.0579805e-03
   8.4961727e-03
   8.3186211e-03
   7.6470675e-03
   1.4618521e+02
   6.3636853e+00
   1.6206564e+00
   1.0556902e+00
   7.7494373e-01
   6.1885710e-01
   4.9698489e-01
   4.1921937e-01
   3.4577923e-01
   2.9965424e-01
   2.6274254e-01
   2.2832473e-01
   1.9663924e-01
   1.7054565e-01
   1.5537618e-01
   1.3789054e-01
   1.2332908e-01
   1.1218676e-01
   9.9154712e-02
   8.9721421e-02
   7.9820424e-02
   7.2463538e-02
   6.5597698e-02
   5.8439753e-02
   5.3799396e-02
   4.8684561e-02
   4.4093094e-02
   4.0149440e-02
   3.6958964e-02
   3.3218636e-02
   2.9706985e-02
   2.7963612e-02
   2.6096741e-02
   2.4368005e-02
   2.2527712e-02
   2.1257582e-02
   1.9178494e-02
   1.8194440e-02
   1.6926073e-02
   1.5338084e-02
   1.4123824e-02
   1.3722606e-02
   1.2560346e-02
   1.1849679e-02
   1.0844987e-02
   1.0564445e-02
   9.9121595e-03
   9.4085211e-03
   8.8066662e-03
   7.9679302e-03
   7.6092874e-03
   6.1639511e-03
   5.7758922e-03
   5.4806703e-03
   5.0404679e-03
   4.9626407e-03
   1.4803771e+02
   7.6547717e+00
   1.7613906e+00
   1.1511360e+00
   8.4780089e-01
   6.8280919e-01
   5.6931584e-01
   4.7521885e-01
   4.1396084e-01
   3.5939923e-01
   3.1045119e-01
   2.6817704e-01
   2.3927881e-01
   2.1469660e-01
   1.9098612e-01
   1.6977749e-01
   1.5176103e-01
   1.3651581e-01
   1.2390676e-01
   1.1221496e-01
   1.0086507e-01
   9.0230724e-02
   8.1439097e-02
   7.5751658e-02
   6.8366243e-02
   6.1472055e-02
   5.7691488e-02
   5.3020923e-02
   4.7651837e-02
   4.5070911e-02
   4.2717044e-02
   3.9364196e-02
   3.6082742e-02
   3.4354546e-02
   3.1151940e-02
   2.9067610e-02
   2.7013673e-02
   2.6212557e-02
   2.4171576e-02
   2.2328738e-02
   2.0617186e-02
   1.9241842e-02
   1.8322032e-02
   1.7268977e-02
   1.6281060e-02
   1.5017203e-02
   1.4450799e-02
   1.3847272e-02
   1.3132791e-02
   1.2747026e-02
   1.0932029e-02
   1.0805487e-02
   9.7194803e-03
   9.2275701e-03
   8.3404460e-03
   7.8108004e-03
   1.4893018e+02
   7.1087064e+00
   1.6855019e+00
   1.1011756e+00
   8.1375847e-01
   6.3932287e-01
   5.2169783e-01
   4.3887798e-01
   3.7535675e-01
   3.1654546e-01
   2.7137968e-01
   2.3582210e-01
   2.0847857e-01
   1.9119727e-01
   1.6831568e-01
   1.4912821e-01
   1.3442449e-01
   1.1900998e-01
   1.0751539e-01
   9.9150370e-02
   8.9247400e-02
   7.9855999e-02
   7.3679158e-02
   6.7716498e-02
   6.0476366e-02
   5.5690302e-02
   5.1941386e-02
   4.8700827e-02
   4.3295924e-02
   4.2253017e-02
   3.9873274e-02
   3.7632907e-02
   3.3844236e-02
   3.2197442e-02
   2.9859254e-02
   2.8433089e-02
   2.6316092e-02
   2.5404836e-02
   2.2791933e-02
   2.1184158e-02
   2.0278030e-02
   2.0091064e-02
   1.8671751e-02
   1.8041645e-02
   1.6793461e-02
   1.6344299e-02
   1.5243560e-02
   1.4240540e-02
   1.3927973e-02
   1.2484966e-02
   1.1739082e-02
   1.1277215e-02
   1.0622937e-02
   9.7307799e-03
   9.3282758e-03
   8.7463369e-03
   1.4913912e+02
   6.4561857e+00
   1.4191984e+00
   9.5651949e-01
   7.0973870e-01
   5.6655238e-01
   4.8718049e-01
   3.9165077e-01
   3.4646291e-01
   3.1102631e-01
   2.6638515e-01
   2.3023353e-01
   2.0712248e-01
   1.8388063e-01
   1.5858179e-01
   1.4127895e-01
   1.2706313e-01
   1.1616478e-01
   1.0417355e-01
   9.4329428e-02
   8.5218787e-02
   7.7902066e-02
   7.1363680e-02
   6.6184317e-02
   6.2313662e-02
   5.8259779e-02
   5.1516958e-02
   4.9232856e-02
   4.4989559e-02
   4.0625975e-02
   3.9523219e-02
   3.7174844e-02
   3.5994342e-02
   3.3844051e-02
   3.2617963e-02
   2.9571599e-02
   2.9020903e-02
   2.6171871e-02
   2.5477615e-02
   2.4481167e-02
   2.2498518e-02
   2.1717640e-02
   2.0820685e-02
   2.0376597e-02
   1.7988321e-02
   1.8158013e-02
   1.6395794e-02
   1.5504816e-02
   1.5421177e-02
   1.4249049e-02
   1.3419734e-02
   1.2263040e-02
   1.2494047e-02
   1.1042711e-02
   1.0317340e-02
   1.0093082e-02
   1.4894428e+02
   6.1163906e+00
   1.2050777e+00
   7.8199291e-01
   5.7885237e-01
   4.4766195e-01
   3.7145685e-01
   3.0695745e-01
   2.6479057e-01
   2.2559494e-01
   1.9196900e-01
   1.6618461e-01
   1.4978748e-01
   1.3777453e-01
   1.1679813e-01
   1.0524641e-01
   9.4471288e-02
   8.4678697e-02
   7.4288676e-02
   6.8381967e-02
   6.2453913e-02
   5.5696729e-02
   5.2130849e-02
   4.5210184e-02
   4.1904382e-02
   4.0587522e-02
   3.5720080e-02
   3.3482719e-02
   2.9602632e-02
   2.7816601e-02
   2.6675112e-02
   2.4184091e-02
   2.2964019e-02
   2.0653941e-02
   1.9844041e-02
   1.8735495e-02
   1.7799076e-02
   1.6608259e-02
   1.5517755e-02
   1.4171169e-02
   1.3415196e-02
   1.3159082e-02
   1.2253755e-02
   1.1701578e-02
   1.0805377e-02
   1.1597159e-02
   1.0891859e-02
   9.7727687e-03
   1.0018308e-02
   8.6533595e-03
   7.7951656e-03
   8.0794072e-03
   7.3660838e-03
   7.5818241e-03
   7.4781097e-03
   6.7025538e-03
   1.4894065e+02
   7.3703862e+00
   1.8178059e+00
   1.2031557e+00
   8.8779659e-01
   7.0169523e-01
   5.7978932e-01
   4.6981992e-01
   4.0286312e-01
   3.4007672e-01
   2.9517681e-01
   2.5177702e-01
   2.2066609e-01
   1.9479865e-01
   1.6509294e-01
   1.4715907e-01
   1.3028056e-01
   1.1650449e-01
   1.0164209e-01
   9.3340234e-02
   8.3504982e-02
   7.3112973e-02
   6.6971053e-02
   6.1030829e-02
   5.4580851e-02
   5.0045270e-02
   4.6226004e-02
   4.0408045e-02
   3.8752200e-02
   3.5628863e-02
   3.3426040e-02
   3.0674071e-02
   2.9225226e-02
   2.7431071e-02
   2.5288083e-02
   2.4263317e-02
   2.1994144e-02
   2.1188117e-02
   1.9200510e-02
   1.8661502e-02
   1.7007605e-02
   1.6383201e-02
   1.5025717e-02
   1.4206994e-02
   1.3767687e-02
   1.2836640e-02
   1.2043152e-02
   1.1456727e-02
   1.1271981e-02
   1.0896965e-02
   9.9281479e-03
   9.4043683e-03
   8.6214744e-03
   8.5969406e-03
   8.1379617e-03
   7.1019544e-03
   1.4778119e+02
   6.2532275e+00
   1.1767884e+00
   7.7227467e-01
   5.5989668e-01
   4.3913136e-01
   3.6065304e-01
   2.8671795e-01
   2.4231088e-01
   2.0994886e-01
   1.8281726e-01
   1.6173478e-01
   1.4628082e-01
   1.2615212e-01
   1.1474891e-01
   1.0320917e-01
   9.3187592e-02
   8.5877774e-02
   7.9124039e-02
   7.3368028e-02
   6.9341503e-02
   6.4277012e-02
   6.0416223e-02
   5.7239870e-02
   5.4205618e-02
   5.1665414e-02
   4.7591742e-02
   4.5091482e-02
   4.3454142e-02
   3.9608070e-02
   3.7993297e-02
   3.6215393e-02
   3.6016271e-02
   3.4096513e-02
   3.2571259e-02
   3.1600455e-02
   3.0493285e-02
   2.9358097e-02
   2.7937345e-02
   2.6308006e-02
   2.5209087e-02
   2.4672604e-02
   2.2900355e-02
   2.1898668e-02
   2.1319688e-02
   2.0121476e-02
   1.9284881e-02
   1.8329166e-02
   1.7117963e-02
   1.5952477e-02
   1.5327231e-02
   1.4369845e-02
   1.3738397e-02
   1.2737750e-02
   1.2304693e-02
   1.1606911e-02
   1.4939003e+02
   6.7973249e+00
   1.3284556e+00
   8.8076549e-01
   6.6572500e-01
   5.3665088e-01
   4.2207945e-01
   3.6564932e-01
   3.0727210e-01
   2.5505823e-01
   2.2833715e-01
   2.0044066e-01
   1.7061611e-01
   1.5407171e-01
   1.4583152e-01
   1.3458168e-01
   1.1882138e-01
   1.0805089e-01
   9.8515177e-02
   9.1185908e-02
   8.3603549e-02
   7.7187106e-02
   7.0399567e-02
   6.4816469e-02
   6.0793050e-02
   5.7242806e-02
   5.3081984e-02
   4.9971149e-02
   4.9279971e-02
   4.4398777e-02
   4.1503394e-02
   4.1225609e-02
   3.7809325e-02
   3.5165135e-02
   3.3284586e-02
   3.1622631e-02
   3.0209176e-02
   2.8685403e-02
   2.7915427e-02
   2.5845987e-02
   2.4681986e-02
   2.2729638e-02
   2.2401322e-02
   2.0071579e-02
   2.0191450e-02
   1.8331483e-02
   1.7293280e-02
   1.7636301e-02
   1.5777534e-02
   1.4887456e-02
   1.4563586e-02
   1.4205204e-02
   1.3174200e-02
   1.2128956e-02
   1.0956245e-02
   1.0583563e-02
   1.4939523e+02
   5.7209305e+00
   9.7932607e-01
   6.4406564e-01
   4.7161120e-01
   3.6923288e-01
   3.0993625e-01
   2.4943321e-01
   2.2064550e-01
   1.8975859e-01
   1.6557659e-01
   1.4260618e-01
   1.2915002e-01
   1.1850323e-01
   1.0441415e-01
   9.2576627e-02
   8.4489325e-02
   7.3190014e-02
   7.1505101e-02
   6.4897273e-02
   6.0382611e-02
   5.6537917e-02
   5.2366100e-02
   4.7068523e-02
   4.4763781e-02
   4.2577805e-02
   3.8809556e-02
   3.6745273e-02
   3.4191268e-02
   3.1979452e-02
   3.1943611e-02
   2.8431462e-02
   2.7295869e-02
   2.6754753e-02
   2.5503898e-02
   2.3714252e-02
   2.2048946e-02
   2.1191415e-02
   2.0879443e-02
   1.8754843e-02
   1.8245094e-02
   1.8794525e-02
   1.7033249e-02
   1.6503603e-02
   1.4820380e-02
   1.5202252e-02
   1.3759103e-02
   1.2639401e-02
   1.2591150e-02
   1.2136135e-02
   1.1319502e-02
   1.0443500e-02
   9.8952221e-03
   8.8354530e-03
   8.7374727e-03
   8.1983130e-03
   1.4938873e+02
   7.5928971e+00
   1.8337311e+00
   1.1719134e+00
   8.4522027e-01
   6.5803934e-01
   5.4259509e-01
   4.3690369e-01
   3.7349494e-01
   3.2292358e-01
   2.7805563e-01
   2.4023135e-01
   2.1299250e-01
   1.8801471e-01
   1.6370250e-01
   1.4528100e-01
   1.2986705e-01
   1.1448313e-01
   1.0431159e-01
   9.5218339e-02
   8.6042368e-02
   7.7247945e-02
   7.1017578e-02
   6.4332679e-02
   5.8829216e-02
   5.2924125e-02
   4.9343362e-02
   4.5834870e-02
   4.0316445e-02
   4.0783243e-02
   3.6922112e-02
   3.3843298e-02
   3.2277047e-02
   2.9987164e-02
   2.8740632e-02
   2.7195906e-02
   2.5874205e-02
   2.4935163e-02
   2.3121569e-02
   2.0814977e-02
   2.0357595e-02
   1.9536268e-02
   1.7974564e-02
   1.7109254e-02
   1.5902496e-02
   1.4719053e-02
   1.4053199e-02
   1.3239953e-02
   1.2539179e-02
   1.2639219e-02
   1.1459324e-02
   1.1124201e-02
   1.0361350e-02
   1.0026068e-02
   9.2130567e-03
   9.3135316e-03
   1.4929074e+02
   5.2190759e+00
   6.8220781e-01
   4.5931628e-01
   3.5031616e-01
   2.6854799e-01
   2.1942020e-01
   1.8496060e-01
   1.6354211e-01
   1.3488157e-01
   1.1320914e-01
   9.9722748e-02
   9.3165114e-02
   9.1385904e-02
   7.9131856e-02
   7.5274671e-02
   6.4014508e-02
   6.1082875e-02
   5.4637355e-02
   5.2380287e-02
   4.8454689e-02
   4.5352093e-02
   4.2457719e-02
   3.9593872e-02
   3.8285354e-02
   3.5492286e-02
   3.4514354e-02
   3.2163680e-02
   2.9461358e-02
   3.0421214e-02
   2.8566228e-02
   2.6715648e-02
   2.4846961e-02
   2.3479661e-02
   2.2630484e-02
   2.1750027e-02
   2.1787557e-02
   2.1247897e-02
   1.9911173e-02
   1.9812349e-02
   1.9139961e-02
   1.8995102e-02
   1.7081718e-02
   1.6395851e-02
   1.4554372e-02
   1.4050343e-02
   1.3306748e-02
   1.2924375e-02
   1.2504386e-02
   1.1295875e-02
   1.0771382e-02
   9.7552023e-03
   9.7408163e-03
   9.0895230e-03
   9.1542070e-03
   7.6978752e-03
