   1.4970131e+02
   4.7360999e+00
   2.0965074e+00
   1.3214821e+00
   9.5728706e-01
   7.3631621e-01
   5.7858973e-01
   4.7490671e-01
   3.8946447e-01
   3.2880042e-01
   2.7633772e-01
   2.3028921e-01
   1.9582982e-01
   1.6834115e-01
   1.4176220e-01
   1.2230702e-01
   1.0574089e-01
   9.0374076e-02
   7.7883824e-02
   6.6918870e-02
   5.7826089e-02
   4.9695960e-02
   4.5754676e-02
   3.7837378e-02
   3.4096255e-02
   3.1607235e-02
   2.7965991e-02
   2.5394952e-02
   2.2467160e-02
   2.0818204e-02
   1.9679407e-02
   1.8207448e-02
   1.6835614e-02
   1.4945445e-02
   1.3708577e-02
   1.2849137e-02
   1.2993252e-02
   1.1482402e-02
   1.0577845e-02
   1.0506467e-02
   9.5420072e-03
   8.1301242e-03
   7.4371195e-03
   7.4545879e-03
   6.9028278e-03
   6.3655550e-03
   5.7606969e-03
   5.8820655e-03
   4.6735942e-03
   4.9133004e-03
   4.3290654e-03
   3.8541454e-03
   3.5109590e-03
   3.5779950e-03
   3.5644895e-03
   3.3418339e-03
   1.5019520e+02
   4.0902758e+00
   1.7901538e+00
   1.1491464e+00
   8.1493964e-01
   6.1272526e-01
   4.7648919e-01
   3.7814474e-01
   3.0880264e-01
   2.5412877e-01
   2.1050846e-01
   1.7865957e-01
   1.5076979e-01
   1.2818390e-01
   1.0938996e-01
   9.2632509e-02
   8.2800610e-02
   7.2505767e-02
   6.2884949e-02
   5.6810973e-02
   5.0867930e-02
   4.6028164e-02
   4.1172712e-02
   3.8719369e-02
   3.4089707e-02
   3.1977661e-02
   2.8259450e-02
   2.6725364e-02
   2.4812513e-02
   2.2211981e-02
   2.0553647e-02
   1.9999783e-02
   1.8956429e-02
   1.7999111e-02
   1.6469408e-02
   1.5872608e-02
   1.4718785e-02
   1.3468127e-02
   1.3831513e-02
   1.2090470e-02
   1.0608429e-02
   1.0355068e-02
   9.2691296e-03
   8.6054248e-03
   7.3235823e-03
   6.7403510e-03
   6.4235212e-03
   5.5577131e-03
   5.2784128e-03
   5.1911302e-03
   4.8797930e-03
   4.2955285e-03
   3.7165335e-03
   3.1679282e-03
   2.6360999e-03
   2.1752072e-03
   1.4827603e+02
   4.1868438e+00
   1.8574728e+00
   1.2056098e+00
   8.6604745e-01
   6.6588095e-01
   5.3425045e-01
   4.3251846e-01
   3.4750598e-01
   2.8796580e-01
   2.4770604e-01
   2.1135338e-01
   1.7948152e-01
   1.5549262e-01
   1.3360255e-01
   1.1485100e-01
   1.0053138e-01
   8.7628864e-02
   7.6739398e-02
   6.8457532e-02
   6.0370642e-02
   5.4179568e-02
   5.0035214e-02
   4.3612510e-02
   4.0884868e-02
   3.6278115e-02
   3.4188253e-02
   3.0514808e-02
   2.8044275e-02
   2.6477090e-02
   2.4265134e-02
   2.2201815e-02
   2.0765780e-02
   1.8400030e-02
   1.8407041e-02
   1.7053657e-02
   1.5936053e-02
   1.5068807e-02
   1.4047144e-02
   1.3229149e-02
   1.1878876e-02
   1.1774990e-02
   1.0226045e-02
   9.3598891e-03
   8.7326256e-03
   8.2867514e-03
   7.9571226e-03
   6.8613286e-03
   6.5480767e-03
   6.6727615e-03
   6.0761481e-03
   5.2373985e-03
   4.6186569e-03
   3.9544169e-03
   3.5718764e-03
   3.0683963e-03
   1.4593565e+02
   3.5469070e+00
   1.3675302e+00
   8.6438195e-01
   6.1312289e-01
   4.5201780e-01
   3.4918294e-01
   2.8010971e-01
   2.3453008e-01
   1.9948235e-01
   1.5383394e-01
   1.3670351e-01
   1.1301257e-01
   1.0075349e-01
   8.7881348e-02
   7.8920870e-02
   6.8559794e-02
   6.1786060e-02
   5.4840501e-02
   5.0927097e-02
   4.7468653e-02
   4.3216031e-02
   4.0117810e-02
   3.7950717e-02
   3.4903356e-02
   3.4196056e-02
   3.1981688e-02
   3.1098761e-02
   2.8795107e-02
   2.6847024e-02
   2.5760015e-02
   2.4406698e-02
   2.4515499e-02
   2.3211748e-02
   2.2078464e-02
   2.0739596e-02
   1.9910570e-02
   1.7371187e-02
   1.6934734e-02
   1.6741368e-02
   1.5719881e-02
   1.4689033e-02
   1.3116503e-02
   1.2293705e-02
   1.1397413e-02
   1.0757389e-02
   1.0189883e-02
   9.3427512e-03
   9.1069910e-03
   8.7919302e-03
   8.0828147e-03
   7.4535614e-03
   6.7485644e-03
   5.9345859e-03
   5.4479644e-03
   5.0043805e-03
   1.4934277e+02
   3.3198824e+00
   1.4307003e+00
   9.5175924e-01
   6.8778578e-01
   5.5317159e-01
   4.2443082e-01
   3.6008217e-01
   2.9379960e-01
   2.4826458e-01
   2.1287737e-01
   1.7663348e-01
   1.4943783e-01
   1.3214258e-01
   1.1461232e-01
   1.0007132e-01
   9.0467868e-02
   8.0378592e-02
   7.2409977e-02
   6.6084229e-02
   5.8755065e-02
   5.5218102e-02
   4.9038289e-02
   4.8058437e-02
   4.2472221e-02
   4.1203856e-02
   3.9031213e-02
   3.6884694e-02
   3.5362865e-02
   3.2389964e-02
   3.0897517e-02
   2.8788135e-02
   2.7919502e-02
   2.6249293e-02
   2.4814497e-02
   2.3330489e-02
   2.2781066e-02
   2.0579577e-02
   2.0208891e-02
   1.9081339e-02
   1.7523700e-02
   1.6058342e-02
   1.5291658e-02
   1.4975338e-02
   1.3581875e-02
   1.2275000e-02
   1.0755009e-02
   9.8988772e-03
   8.8357477e-03
   9.1553736e-03
   8.1731197e-03
   7.4420484e-03
   6.6385159e-03
   6.1214563e-03
   5.6818796e-03
   5.2525063e-03
   1.4706792e+02
   2.4841794e+00
   8.4877270e-01
   5.4198240e-01
   3.7344972e-01
   2.6524958e-01
   2.2086244e-01
   1.6814474e-01
   1.3007685e-01
   1.1125537e-01
   9.7415441e-02
   8.3206149e-02
   7.0736054e-02
   6.7073672e-02
   5.8143226e-02
   5.0706901e-02
   4.7868964e-02
   4.4473768e-02
   4.0969467e-02
   3.9361943e-02
   3.7046652e-02
   3.4786796e-02
   3.3512077e-02
   3.1662327e-02
   2.9456754e-02
   2.9280278e-02
   2.7184242e-02
   2.6586697e-02
   2.5456702e-02
   2.5340116e-02
   2.4267911e-02
   2.2478577e-02
   2.1831622e-02
   2.2517864e-02
   1.9852831e-02
   1.8669509e-02
   1.9014143e-02
   1.7230840e-02
   1.7122407e-02
   1.6854580e-02
   1.4490593e-02
   1.2661304e-02
   1.1838583e-02
   1.0749321e-02
   9.6658306e-03
   9.1768682e-03
   7.9766567e-03
   7.9112043e-03
   6.7173158e-03
   7.0336939e-03
   6.2563278e-03
   5.6753712e-03
   5.0803431e-03
   4.7167237e-03
   4.6997040e-03
   4.4897802e-03
   1.4930003e+02
   3.3965788e+00
   1.4049833e+00
   9.2163646e-01
   6.6479021e-01
   5.1405226e-01
   4.0195450e-01
   3.3739762e-01
   2.7879423e-01
   2.3631282e-01
   1.9555192e-01
   1.6651853e-01
   1.4734551e-01
   1.2745000e-01
   1.1094159e-01
   9.7705701e-02
   8.9221217e-02
   8.0443990e-02
   7.3849730e-02
   6.8509548e-02
   6.1258988e-02
   6.0157793e-02
   5.3874637e-02
   5.1662607e-02
   4.6506605e-02
   4.4725885e-02
   4.2711709e-02
   3.9886219e-02
   3.7775070e-02
   3.6352117e-02
   3.3703202e-02
   3.2247166e-02
   3.0462621e-02
   2.7996605e-02
   2.7597512e-02
   2.5954760e-02
   2.3911066e-02
   2.2885546e-02
   1.9818509e-02
   1.9250041e-02
   1.8083207e-02
   1.7171819e-02
   1.5456744e-02
   1.4017387e-02
   1.3544163e-02
   1.2522017e-02
   1.0889523e-02
   9.9353437e-03
   9.1405572e-03
   9.4628997e-03
   8.8873945e-03
   8.1003142e-03
   7.3631903e-03
   6.7685761e-03
   6.0395416e-03
   5.1008174e-03
   1.4936821e+02
   1.8569112e+00
   6.2841796e-01
   4.1240838e-01
   2.8275964e-01
   2.1242551e-01
   1.6302726e-01
   1.3286770e-01
   1.1052665e-01
   9.7345606e-02
   8.3242280e-02
   6.9432967e-02
   5.8061998e-02
   5.3703708e-02
   4.9408921e-02
   4.4672616e-02
   4.1144428e-02
   3.8320951e-02
   3.5587718e-02
   3.3127044e-02
   3.1488350e-02
   3.0794375e-02
   2.8681176e-02
   2.9221419e-02
   2.6190261e-02
   2.6569529e-02
   2.6351192e-02
   2.4686250e-02
   2.3934808e-02
   2.3256294e-02
   2.1859135e-02
   2.1100461e-02
   2.0788159e-02
   1.9101901e-02
   1.8833233e-02
   1.7418060e-02
   1.7299288e-02
   1.6438216e-02
   1.4737065e-02
   1.4645029e-02
   1.3093676e-02
   1.2643817e-02
   1.1474512e-02
   1.0651346e-02
   8.9185945e-03
   8.8875890e-03
   8.4593952e-03
   7.6195963e-03
   7.1296226e-03
   7.0451275e-03
   6.6713591e-03
   6.0579453e-03
   5.2875769e-03
   4.6754478e-03
   4.2645759e-03
   3.8628467e-03
   1.4837295e+02
   2.1460822e+00
   7.9384582e-01
   5.1228615e-01
   3.6521726e-01
   2.5864906e-01
   2.0199899e-01
   1.5968099e-01
   1.3034643e-01
   1.0777797e-01
   9.0619821e-02
   7.7126553e-02
   6.9593178e-02
   6.1989463e-02
   5.5476917e-02
   5.2604178e-02
   4.9882440e-02
   4.5086430e-02
   4.3957955e-02
   4.1686340e-02
   3.9200448e-02
   3.7449639e-02
   3.6857395e-02
   3.5465403e-02
   3.4535223e-02
   3.4298713e-02
   3.3802186e-02
   3.2677966e-02
   3.1944133e-02
   3.0238487e-02
   2.9041686e-02
   2.8576548e-02
   2.6871882e-02
   2.5797086e-02
   2.4920797e-02
   2.3027453e-02
   2.2545417e-02
   2.1690380e-02
   1.9124883e-02
   1.8850984e-02
   1.7569572e-02
   1.6725085e-02
   1.4853266e-02
   1.3748579e-02
   1.3257179e-02
   1.2874977e-02
   1.2215133e-02
   1.1277466e-02
   1.0395422e-02
   1.0376135e-02
   9.5559864e-03
   8.6389464e-03
   7.7860014e-03
   6.9513256e-03
   6.0604498e-03
   5.2993155e-03
   1.4770197e+02
   1.7508060e+00
   6.2781633e-01
   4.1240907e-01
   2.8510472e-01
   2.1091111e-01
   1.6815687e-01
   1.3488627e-01
   1.1155913e-01
   9.0242314e-02
   8.1403759e-02
   7.1526375e-02
   6.6395456e-02
   5.8667044e-02
   5.4628625e-02
   5.0142286e-02
   4.7740314e-02
   4.3543834e-02
   4.2919352e-02
   4.0912657e-02
   3.9845957e-02
   3.7107311e-02
   3.6483215e-02
   3.6780757e-02
   3.5027150e-02
   3.4003124e-02
   3.2303692e-02
   3.2310591e-02
   3.0722101e-02
   2.8573766e-02
   2.8269573e-02
   2.8267660e-02
   2.6339966e-02
   2.4759278e-02
   2.4217865e-02
   2.3414960e-02
   2.2410425e-02
   2.0558344e-02
   1.9143227e-02
   1.7854696e-02
   1.7350046e-02
   1.5815044e-02
   1.4892376e-02
   1.4170259e-02
   1.3162145e-02
   1.2380931e-02
   1.1364043e-02
   1.0771716e-02
   9.7556839e-03
   9.7235857e-03
   8.7813517e-03
   7.7995038e-03
   7.2443678e-03
   6.8140846e-03
   6.2110092e-03
   5.4316844e-03
   1.4752491e+02
   1.6357661e+00
   6.9190750e-01
   4.4497226e-01
   3.0846609e-01
   2.3368924e-01
   1.7293971e-01
   1.4460560e-01
   1.1479303e-01
   9.8086998e-02
   8.6499213e-02
   6.9882181e-02
   6.4250274e-02
   5.9664307e-02
   4.9418060e-02
   4.7698181e-02
   4.4442794e-02
   4.0674761e-02
   3.8649877e-02
   3.5768057e-02
   3.3667687e-02
   3.3680311e-02
   3.1112996e-02
   3.1682683e-02
   2.8559300e-02
   2.9510968e-02
   2.7609961e-02
   2.6087413e-02
   2.5756337e-02
   2.4540618e-02
   2.3608811e-02
   2.2217733e-02
   2.1597175e-02
   2.1021020e-02
   1.8770654e-02
   1.7845525e-02
   1.8583686e-02
   1.6879542e-02
   1.6084641e-02
   1.5137932e-02
   1.3485741e-02
   1.2438444e-02
   1.2405453e-02
   1.1546798e-02
   1.0633385e-02
   9.2253118e-03
   8.8492248e-03
   8.5934305e-03
   8.0722188e-03
   8.0799969e-03
   7.3460231e-03
   6.3964447e-03
   5.7859432e-03
   5.4134518e-03
   4.6288451e-03
   4.0824258e-03
   1.4754098e+02
   2.9717664e+00
   1.2054202e+00
   7.7675004e-01
   5.4766547e-01
   3.9743782e-01
   3.1131125e-01
   2.4282163e-01
   2.0295595e-01
   1.6784163e-01
   1.3919625e-01
   1.2580461e-01
   1.0821569e-01
   9.4868587e-02
   8.4778137e-02
   7.8030326e-02
   6.8184313e-02
   6.2308546e-02
   5.5904849e-02
   5.0829619e-02
   4.6820443e-02
   4.2713277e-02
   3.9396897e-02
   3.6050154e-02
   3.4090181e-02
   3.1563440e-02
   3.0775979e-02
   2.8285290e-02
   2.6122200e-02
   2.4740556e-02
   2.3375492e-02
   2.1704544e-02
   2.0902383e-02
   1.9764670e-02
   1.8287474e-02
   1.7196263e-02
   1.6628417e-02
   1.5376851e-02
   1.5110319e-02
   1.4051302e-02
   1.2290469e-02
   1.1980777e-02
   1.0954886e-02
   1.0423458e-02
   9.6321363e-03
   8.9438686e-03
   7.7221618e-03
   7.4501360e-03
   6.2579761e-03
   6.6269375e-03
   5.9604456e-03
   5.4334335e-03
   4.9641122e-03
   4.4615087e-03
   3.9849716e-03
   3.5838813e-03
   1.4504916e+02
   4.0631321e+00
   1.7823156e+00
   1.1195209e+00
   8.0035364e-01
   6.0288670e-01
   4.7413056e-01
   3.8785497e-01
   3.2353720e-01
   2.6641537e-01
   2.2888657e-01
   2.0020573e-01
   1.7333824e-01
   1.5312542e-01
   1.3620082e-01
   1.2085268e-01
   1.0790659e-01
   9.7895915e-02
   8.9074675e-02
   7.9937569e-02
   7.2882121e-02
   6.7940830e-02
   6.2933744e-02
   5.7483752e-02
   5.4630530e-02
   5.0290276e-02
   4.7219368e-02
   4.3984974e-02
   4.0429363e-02
   3.9241081e-02
   3.6214301e-02
   3.3634009e-02
   3.1187593e-02
   3.0366004e-02
   2.8271371e-02
   2.6368190e-02
   2.5432928e-02
   2.3196031e-02
   2.1268949e-02
   1.9760002e-02
   1.8473156e-02
   1.7297642e-02
   1.5772622e-02
   1.4586958e-02
   1.3863751e-02
   1.3034411e-02
   1.1563313e-02
   1.1155609e-02
   9.8574409e-03
   9.6496681e-03
   8.6529515e-03
   7.7839819e-03
   6.7610974e-03
   5.9171868e-03
   4.9998618e-03
   4.7502705e-03
   1.4887363e+02
   3.6116094e+00
   1.6767455e+00
   1.1036963e+00
   8.0274494e-01
   6.2561102e-01
   4.9282309e-01
   4.1394548e-01
   3.4079733e-01
   2.9150258e-01
   2.5227770e-01
   2.1108520e-01
   1.8731408e-01
   1.6166035e-01
   1.4261109e-01
   1.2582980e-01
   1.1391848e-01
   1.0243374e-01
   9.1923051e-02
   8.4459744e-02
   7.6685230e-02
   7.0471077e-02
   6.5409401e-02
   6.0209880e-02
   5.5296609e-02
   5.0777997e-02
   4.8864999e-02
   4.5023384e-02
   4.1471273e-02
   3.8853393e-02
   3.6708389e-02
   3.3957643e-02
   3.2016872e-02
   2.9928689e-02
   2.8716138e-02
   2.6230218e-02
   2.4294691e-02
   2.3333234e-02
   2.1322085e-02
   2.0435073e-02
   1.8516369e-02
   1.6956212e-02
   1.5344992e-02
   1.4581567e-02
   1.2959423e-02
   1.2131414e-02
   1.0751114e-02
   1.0934883e-02
   9.3625404e-03
   9.3918868e-03
   8.2820824e-03
   7.4403882e-03
   6.6309329e-03
   5.9616484e-03
   5.2777378e-03
   4.6678702e-03
   1.4876852e+02
   3.5629059e+00
   1.5811157e+00
   1.0071836e+00
   7.1064649e-01
   5.3308522e-01
   4.1406986e-01
   3.3240442e-01
   2.6544106e-01
   2.2153492e-01
   1.8630468e-01
   1.5536301e-01
   1.3335061e-01
   1.1617037e-01
   9.7742054e-02
   8.3634160e-02
   7.3557641e-02
   6.4667927e-02
   5.5710362e-02
   4.9320517e-02
   4.3464467e-02
   3.8901222e-02
   3.4656621e-02
   3.2190226e-02
   2.7223492e-02
   2.5813743e-02
   2.2536200e-02
   2.1086291e-02
   1.9079921e-02
   1.7188476e-02
   1.6680843e-02
   1.5449973e-02
   1.5477620e-02
   1.3805214e-02
   1.3752280e-02
   1.2241813e-02
   1.1569220e-02
   1.1029573e-02
   9.9951764e-03
   9.7487004e-03
   8.6127563e-03
   8.0286474e-03
   7.7143387e-03
   6.7248402e-03
   6.4562019e-03
   5.9015620e-03
   5.2486051e-03
   4.6499285e-03
   4.4472009e-03
   4.3181412e-03
   3.9609882e-03
   3.5433236e-03
   3.1662458e-03
   2.7605124e-03
   2.4087603e-03
   2.2798441e-03
   1.4882548e+02
   3.7688364e+00
   1.6904118e+00
   1.0977301e+00
   7.9939349e-01
   6.1322434e-01
   4.8601790e-01
   3.9984123e-01
   3.3030578e-01
   2.7615349e-01
   2.3390917e-01
   2.0485103e-01
   1.7529474e-01
   1.5240836e-01
   1.3360607e-01
   1.1727646e-01
   1.0459637e-01
   9.0791544e-02
   8.1386486e-02
   7.3055671e-02
   6.4787901e-02
   5.8270391e-02
   5.4114260e-02
   4.8229822e-02
   4.5047637e-02
   3.9993750e-02
   3.6026749e-02
   3.4168922e-02
   3.0711954e-02
   2.8759303e-02
   2.6358923e-02
   2.3820052e-02
   2.2260477e-02
   2.0068915e-02
   1.9203170e-02
   1.8395425e-02
   1.6489863e-02
   1.5650792e-02
   1.2904614e-02
   1.2153625e-02
   1.1822465e-02
   1.1661495e-02
   1.0357470e-02
   9.3621600e-03
   8.4929767e-03
   7.6606881e-03
   6.6969959e-03
   6.3893073e-03
   5.1510812e-03
   5.5619427e-03
   5.1172520e-03
   4.7021608e-03
   4.1441690e-03
   3.5831015e-03
   2.8902981e-03
   2.3173459e-03
   1.4871547e+02
   5.2289550e+00
   2.3486085e+00
   1.4931927e+00
   1.0893389e+00
   8.3776504e-01
   6.7074920e-01
   5.5078865e-01
   4.5302509e-01
   3.8114107e-01
   3.2528728e-01
   2.7852096e-01
   2.3595059e-01
   2.0362907e-01
   1.7737957e-01
   1.5348119e-01
   1.3320845e-01
   1.1574162e-01
   1.0069138e-01
   8.7314920e-02
   7.5202132e-02
   6.6929415e-02
   5.9654741e-02
   5.0809404e-02
   4.5956348e-02
   4.0132304e-02
   3.6812518e-02
   3.2644709e-02
   2.8677046e-02
   2.6006522e-02
   2.3317495e-02
   2.0141136e-02
   1.8834343e-02
   1.6538520e-02
   1.5662852e-02
   1.3711971e-02
   1.3422024e-02
   1.2297568e-02
   1.0898193e-02
   1.0211843e-02
   9.3704304e-03
   8.4346325e-03
   7.9050828e-03
   7.1650937e-03
   6.8285984e-03
   5.4517727e-03
   4.9707563e-03
   4.1326183e-03
   4.2340273e-03
   4.0792020e-03
   3.7337884e-03
   3.2456738e-03
   2.5971393e-03
   2.5178135e-03
   2.4883188e-03
   2.1947049e-03
   1.4912902e+02
   4.8934266e+00
   2.2652981e+00
   1.5278405e+00
   1.1428570e+00
   9.0724119e-01
   7.3853250e-01
   6.1991726e-01
   5.2125833e-01
   4.5056520e-01
   3.8931074e-01
   3.4237169e-01
   2.9969402e-01
   2.6523356e-01
   2.3579910e-01
   2.1047315e-01
   1.8990734e-01
   1.7139623e-01
   1.5548077e-01
   1.4091850e-01
   1.2931596e-01
   1.1834004e-01
   1.1001759e-01
   1.0221891e-01
   9.3455959e-02
   8.8538304e-02
   8.3069752e-02
   7.7201971e-02
   7.3112408e-02
   6.8636701e-02
   6.3835500e-02
   6.0393086e-02
   5.6411197e-02
   5.3052190e-02
   5.0322184e-02
   4.7468239e-02
   4.3670740e-02
   4.0830226e-02
   3.7248418e-02
   3.5084882e-02
   3.2629704e-02
   3.0929765e-02
   2.8403958e-02
   2.6019254e-02
   2.3907523e-02
   2.2544399e-02
   2.0773610e-02
   1.8961183e-02
   1.7802304e-02
   1.7409227e-02
   1.5744472e-02
   1.4192846e-02
   1.2751237e-02
   1.1370093e-02
   9.9889463e-03
   9.1365900e-03
   1.4954027e+02
   3.5011051e+00
   1.5676698e+00
   1.0272330e+00
   7.5869273e-01
   5.9419150e-01
   4.7063437e-01
   3.9280878e-01
   3.3135345e-01
   2.7502001e-01
   2.3983278e-01
   2.0387412e-01
   1.7969771e-01
   1.5519295e-01
   1.3426198e-01
   1.1959019e-01
   1.0604141e-01
   9.2937132e-02
   8.3203266e-02
   7.3538806e-02
   6.4392254e-02
   5.9861097e-02
   5.4538178e-02
   4.9303968e-02
   4.5231717e-02
   4.1133817e-02
   3.6989799e-02
   3.4108936e-02
   3.0468084e-02
   2.7885102e-02
   2.6346658e-02
   2.4013884e-02
   2.2676990e-02
   2.1033046e-02
   1.9773202e-02
   1.8397777e-02
   1.6715416e-02
   1.5630001e-02
   1.4043144e-02
   1.2435673e-02
   1.2193597e-02
   1.1097544e-02
   1.0164154e-02
   1.0039252e-02
   9.5957964e-03
   8.6913682e-03
   7.6614474e-03
   6.7681752e-03
   6.2102812e-03
   6.2167089e-03
   5.5337126e-03
   4.8306824e-03
   4.3971608e-03
   3.9986339e-03
   3.4674144e-03
   3.0084786e-03
   1.4990008e+02
   3.6488643e+00
   1.6987349e+00
   1.1272424e+00
   8.3666672e-01
   6.6156144e-01
   5.3646929e-01
   4.4761701e-01
   3.7665042e-01
   3.2262671e-01
   2.7643284e-01
   2.3987395e-01
   2.0926753e-01
   1.8312646e-01
   1.6064172e-01
   1.4118738e-01
   1.2684050e-01
   1.1420076e-01
   1.0146652e-01
   9.0857128e-02
   8.1987328e-02
   7.3759941e-02
   6.7330705e-02
   6.2012172e-02
   5.7277487e-02
   5.3047619e-02
   4.8887841e-02
   4.5440146e-02
   4.2918921e-02
   3.8861940e-02
   3.6292269e-02
   3.4095271e-02
   3.1292012e-02
   2.9097397e-02
   2.7249969e-02
   2.5020932e-02
   2.3125330e-02
   2.1161490e-02
   2.0021631e-02
   1.8508866e-02
   1.6849897e-02
   1.5388402e-02
   1.4936624e-02
   1.3837537e-02
   1.2364665e-02
   1.1717056e-02
   1.0876111e-02
   9.9448480e-03
   8.6770337e-03
   9.0970439e-03
   8.6595234e-03
   8.0049117e-03
   7.2813702e-03
   6.5613868e-03
   6.1582855e-03
   5.8800188e-03
   1.4957594e+02
   2.2704536e+00
   1.0739298e+00
   7.0193203e-01
   5.1934599e-01
   4.0374297e-01
   3.4051398e-01
   2.7158723e-01
   2.2427001e-01
   1.9350809e-01
   1.6904778e-01
   1.4605635e-01
   1.2736855e-01
   1.1339327e-01
   1.0016009e-01
   8.5671131e-02
   7.8535461e-02
   6.9853954e-02
   6.3796360e-02
   5.5832462e-02
   5.0893953e-02
   4.6715479e-02
   4.1585332e-02
   3.8117971e-02
   3.4918899e-02
   3.1875953e-02
   3.0225332e-02
   2.7582807e-02
   2.5009835e-02
   2.3178258e-02
   2.1482900e-02
   2.0094359e-02
   1.8883929e-02
   1.7394729e-02
   1.6350032e-02
   1.4714963e-02
   1.5195185e-02
   1.3808968e-02
   1.3075936e-02
   1.1521652e-02
   1.0524445e-02
   9.4713487e-03
   8.9244238e-03
   8.8252065e-03
   7.4986645e-03
   7.3656812e-03
   6.8776929e-03
   5.4435443e-03
   5.3971478e-03
   5.2527852e-03
   5.0248238e-03
   4.6180400e-03
   3.8838998e-03
   3.4922766e-03
   3.3171488e-03
   3.1670090e-03
   1.4905223e+02
   3.3230348e+00
   1.5107931e+00
   9.5865731e-01
   6.9190366e-01
   5.3464975e-01
   4.1789487e-01
   3.4064182e-01
   2.8333368e-01
   2.4170183e-01
   2.0494746e-01
   1.7506601e-01
   1.4964525e-01
   1.2985443e-01
   1.1317399e-01
   9.7902192e-02
   8.7650669e-02
   7.7236408e-02
   6.7683055e-02
   5.9502572e-02
   5.3341339e-02
   4.8298981e-02
   4.2583562e-02
   3.8275547e-02
   3.4245780e-02
   3.1103500e-02
   2.9005259e-02
   2.6126166e-02
   2.3511012e-02
   2.1385055e-02
   1.9287636e-02
   1.7908976e-02
   1.6658782e-02
   1.5086340e-02
   1.3688319e-02
   1.2923172e-02
   1.1698145e-02
   1.0561491e-02
   1.0408821e-02
   8.8075683e-03
   8.3431959e-03
   7.7975490e-03
   7.0416057e-03
   6.1428492e-03
   6.2174302e-03
   5.7149266e-03
   4.3020015e-03
   4.4654293e-03
   4.4907501e-03
   4.2267848e-03
   3.8736043e-03
   3.2147699e-03
   2.7937114e-03
   2.3874731e-03
   2.1019923e-03
   2.0102846e-03
   1.4888598e+02
   2.7745367e+00
   1.3139709e+00
   8.6920001e-01
   6.5031279e-01
   4.9505908e-01
   4.0727115e-01
   3.2762491e-01
   2.7372424e-01
   2.2738330e-01
   1.9401748e-01
   1.7270479e-01
   1.4974512e-01
   1.2754073e-01
   1.1171315e-01
   1.0113614e-01
   8.7866241e-02
   7.9204374e-02
   6.7836314e-02
   6.1044972e-02
   5.4172175e-02
   4.8461680e-02
   4.4131536e-02
   3.7530726e-02
   3.5772590e-02
   3.3327321e-02
   2.9925141e-02
   2.7783164e-02
   2.5628434e-02
   2.3614760e-02
   2.1033105e-02
   2.0239738e-02
   1.8287700e-02
   1.7832032e-02
   1.5229587e-02
   1.4558155e-02
   1.4148164e-02
   1.2353611e-02
   1.0875112e-02
   1.0193961e-02
   9.1736636e-03
   8.8396754e-03
   8.5910455e-03
   8.4618060e-03
   7.4505038e-03
   6.5397999e-03
   6.4626250e-03
   5.4643396e-03
   4.8145509e-03
   4.7521852e-03
   4.2844853e-03
   4.0633943e-03
   3.8705100e-03
   3.5823309e-03
   3.1824766e-03
   2.7900745e-03
   1.4618521e+02
   2.8361585e+00
   1.2794543e+00
   8.3709315e-01
   6.1786789e-01
   4.7224439e-01
   3.7890691e-01
   3.0576490e-01
   2.5799945e-01
   2.1585481e-01
   1.8135289e-01
   1.6041900e-01
   1.3780956e-01
   1.2039662e-01
   1.0424111e-01
   9.0816193e-02
   7.9398371e-02
   6.9255372e-02
   6.1404702e-02
   5.4763191e-02
   4.7915919e-02
   4.2349727e-02
   3.8352477e-02
   3.3639976e-02
   3.1135797e-02
   2.7888587e-02
   2.5035481e-02
   2.2902298e-02
   2.0614636e-02
   1.9022911e-02
   1.7317125e-02
   1.5473936e-02
   1.4159932e-02
   1.3765664e-02
   1.1848385e-02
   1.0956576e-02
   1.0563045e-02
   9.8155352e-03
   9.5890125e-03
   8.2059214e-03
   7.5624239e-03
   5.9776819e-03
   5.9932661e-03
   5.2210170e-03
   4.7293433e-03
   4.9917978e-03
   4.7120121e-03
   4.6854493e-03
   3.3944980e-03
   3.7889999e-03
   3.4949314e-03
   3.2031642e-03
   2.6165213e-03
   2.2847879e-03
   2.2109586e-03
   1.8550608e-03
   1.4803771e+02
   3.1835813e+00
   1.3766904e+00
   9.0096048e-01
   6.8061331e-01
   5.4375334e-01
   4.4330854e-01
   3.6930678e-01
   3.1186289e-01
   2.6709534e-01
   2.2488190e-01
   1.9589398e-01
   1.6923023e-01
   1.4898833e-01
   1.3004883e-01
   1.1366292e-01
   1.0088070e-01
   8.9133644e-02
   7.8281734e-02
   7.1349629e-02
   6.0646283e-02
   5.6118742e-02
   5.0123130e-02
   4.6791293e-02
   4.1986875e-02
   3.8383822e-02
   3.4718074e-02
   3.2322441e-02
   2.8460193e-02
   2.6133917e-02
   2.4047085e-02
   2.1975035e-02
   2.0805926e-02
   1.8735599e-02
   1.7890330e-02
   1.6968173e-02
   1.4927923e-02
   1.4003280e-02
   1.3164334e-02
   1.2452048e-02
   1.0905480e-02
   1.0186627e-02
   9.3982218e-03
   8.5075621e-03
   7.6814216e-03
   6.9852911e-03
   6.9728662e-03
   6.3974780e-03
   5.4956648e-03
   5.7422519e-03
   5.1975493e-03
   4.8311094e-03
   4.4602330e-03
   3.8903493e-03
   3.3373979e-03
   3.0788144e-03
   1.4893018e+02
   2.8758574e+00
   1.3345927e+00
   8.6062173e-01
   6.3584509e-01
   4.9425732e-01
   4.0591017e-01
   3.3411864e-01
   2.7291989e-01
   2.3089417e-01
   2.0344268e-01
   1.7282440e-01
   1.4825281e-01
   1.2931646e-01
   1.1254505e-01
   1.0027195e-01
   8.8700724e-02
   8.0027889e-02
   7.0498102e-02
   6.1263883e-02
   5.5637203e-02
   5.0903523e-02
   4.5362610e-02
   4.3126380e-02
   3.7665195e-02
   3.5906881e-02
   3.2572485e-02
   3.0234004e-02
   2.7558537e-02
   2.5387349e-02
   2.3191575e-02
   2.1676277e-02
   2.0177150e-02
   1.9070295e-02
   1.8120827e-02
   1.7413834e-02
   1.5243293e-02
   1.4017565e-02
   1.3504038e-02
   1.1845812e-02
   1.1696178e-02
   1.1390119e-02
   1.0180018e-02
   9.5052398e-03
   8.4749530e-03
   8.0814669e-03
   7.0160709e-03
   6.9338222e-03
   6.4748806e-03
   6.3238324e-03
   5.8418037e-03
   5.2003480e-03
   4.8198662e-03
   4.5408943e-03
   4.0673732e-03
   3.4886091e-03
   1.4913912e+02
   2.3541359e+00
   1.1088461e+00
   7.4788239e-01
   5.6680988e-01
   4.5990561e-01
   3.6005998e-01
   3.1125044e-01
   2.6900215e-01
   2.2789208e-01
   1.9089541e-01
   1.6416655e-01
   1.4102492e-01
   1.2028920e-01
   1.0989110e-01
   9.7567259e-02
   8.5292917e-02
   7.7301480e-02
   6.8958622e-02
   6.1637935e-02
   5.6660778e-02
   5.2074343e-02
   4.8926775e-02
   4.2190828e-02
   4.2242318e-02
   3.7797385e-02
   3.4441552e-02
   3.2111150e-02
   2.9658318e-02
   2.7478223e-02
   2.5752521e-02
   2.5201854e-02
   2.1925047e-02
   2.1894447e-02
   1.9948122e-02
   1.8357767e-02
   1.7989349e-02
   1.6624949e-02
   1.6648454e-02
   1.5159956e-02
   1.3324861e-02
   1.2019444e-02
   1.1436847e-02
   1.0492610e-02
   1.0114657e-02
   9.1760128e-03
   8.7322128e-03
   8.2423973e-03
   6.6443207e-03
   7.1164331e-03
   6.3686215e-03
   5.6254011e-03
   4.9442057e-03
   4.4334235e-03
   3.7663208e-03
   3.4525626e-03
   1.4894428e+02
   2.1184642e+00
   9.4469320e-01
   6.0603890e-01
   4.4502812e-01
   3.4874742e-01
   2.8002722e-01
   2.3656741e-01
   1.9440647e-01
   1.6418506e-01
   1.4544261e-01
   1.2120321e-01
   1.0463781e-01
   9.0266281e-02
   7.9597590e-02
   6.8988238e-02
   6.1857074e-02
   5.4737074e-02
   4.7473600e-02
   4.4231996e-02
   4.0126246e-02
   3.4119432e-02
   3.1422125e-02
   2.9044205e-02
   2.5899581e-02
   2.3945945e-02
   2.2217437e-02
   2.0250410e-02
   1.7997220e-02
   1.7215996e-02
   1.6608166e-02
   1.4213794e-02
   1.3481047e-02
   1.2810863e-02
   1.2323210e-02
   1.1373707e-02
   1.0865097e-02
   9.8129626e-03
   1.0271516e-02
   8.7389949e-03
   7.7394549e-03
   7.5898353e-03
   7.4232517e-03
   7.3000151e-03
   6.5947792e-03
   5.5091250e-03
   4.8236747e-03
   4.5097956e-03
   5.0907047e-03
   5.7097393e-03
   5.2141363e-03
   4.6657101e-03
   4.2609672e-03
   3.9000018e-03
   3.3707186e-03
   2.8066236e-03
   1.4894065e+02
   3.0272468e+00
   1.4320747e+00
   9.3707604e-01
   6.9952320e-01
   5.5200148e-01
   4.2786566e-01
   3.5624579e-01
   2.9631440e-01
   2.4749580e-01
   2.0598604e-01
   1.7230075e-01
   1.4693484e-01
   1.2180971e-01
   1.0672413e-01
   9.4938842e-02
   8.2505970e-02
   7.1709123e-02
   6.2367673e-02
   5.6265570e-02
   4.9847680e-02
   4.4070059e-02
   4.1033330e-02
   3.6001414e-02
   3.3462214e-02
   3.0382382e-02
   2.8214816e-02
   2.5681367e-02
   2.3957584e-02
   2.1651294e-02
   1.9943916e-02
   1.8965569e-02
   1.6502510e-02
   1.5755402e-02
   1.4985303e-02
   1.4198732e-02
   1.3013842e-02
   1.1763385e-02
   1.1427026e-02
   1.0883395e-02
   9.7015460e-03
   9.4668229e-03
   8.5191941e-03
   8.1979928e-03
   7.3628614e-03
   6.4883476e-03
   6.5448581e-03
   5.4122041e-03
   5.1063983e-03
   4.9312306e-03
   4.5418317e-03
   4.2604422e-03
   3.9175808e-03
   3.6473596e-03
   3.3031178e-03
   2.8820917e-03
   1.4778119e+02
   2.1079029e+00
   9.2798668e-01
   6.0056661e-01
   4.3775605e-01
   3.3952667e-01
   2.6053245e-01
   2.2007478e-01
   1.8343351e-01
   1.5742953e-01
   1.3244438e-01
   1.1476054e-01
   1.0304204e-01
   9.2130666e-02
   8.3880965e-02
   7.3010195e-02
   6.9048830e-02
   6.3769149e-02
   5.9113933e-02
   5.4159328e-02
   5.0077373e-02
   4.7048627e-02
   4.4387724e-02
   4.0329471e-02
   3.9323213e-02
   3.6895246e-02
   3.5103741e-02
   3.2894415e-02
   3.1383150e-02
   2.9699383e-02
   2.8584736e-02
   2.6830990e-02
   2.4986768e-02
   2.3995066e-02
   2.2366066e-02
   2.1187387e-02
   2.0320813e-02
   1.9511637e-02
   1.7690576e-02
   1.6793107e-02
   1.5361463e-02
   1.4207036e-02
   1.3041998e-02
   1.2500190e-02
   1.1481009e-02
   1.0120646e-02
   9.6144964e-03
   9.3397810e-03
   8.0852314e-03
   8.1463756e-03
   7.3037174e-03
   6.4624972e-03
   6.0240277e-03
   5.6678041e-03
   5.2367667e-03
   4.6260294e-03
   1.4939003e+02
   2.3230205e+00
   1.0825373e+00
   7.1420810e-01
   5.3253371e-01
   4.0325471e-01
   3.3603646e-01
   2.6699303e-01
   2.2571484e-01
   1.8714650e-01
   1.6481487e-01
   1.4805152e-01
   1.3297617e-01
   1.1622310e-01
   1.0182337e-01
   9.1990363e-02
   8.3024496e-02
   7.3147796e-02
   6.7853306e-02
   6.2591378e-02
   5.7959515e-02
   5.1961457e-02
   4.6392806e-02
   4.3290096e-02
   4.0168826e-02
   3.9172018e-02
   3.5720780e-02
   3.3677399e-02
   3.0952210e-02
   2.9120433e-02
   2.7574210e-02
   2.5669881e-02
   2.4836478e-02
   2.2569194e-02
   2.2241841e-02
   1.9549377e-02
   1.9137198e-02
   1.8177073e-02
   1.6080679e-02
   1.5480372e-02
   1.4491973e-02
   1.3469407e-02
   1.2768208e-02
   1.1224929e-02
   1.0574858e-02
   9.9188903e-03
   8.7144584e-03
   8.3754096e-03
   7.3769294e-03
   7.2922751e-03
   6.8395044e-03
   6.3476898e-03
   5.5105015e-03
   4.8962497e-03
   4.4522619e-03
   3.9901838e-03
   1.4939523e+02
   1.7385709e+00
   7.6360742e-01
   4.9986990e-01
   3.6825371e-01
   2.9546886e-01
   2.3108463e-01
   1.9630461e-01
   1.6795143e-01
   1.4240715e-01
   1.1691927e-01
   1.0646035e-01
   9.2756200e-02
   8.3296532e-02
   7.3574822e-02
   6.6174983e-02
   5.9998426e-02
   5.4081261e-02
   4.9612734e-02
   4.4826794e-02
   4.1991259e-02
   3.8470684e-02
   3.5295803e-02
   3.3303454e-02
   3.1360309e-02
   2.8479483e-02
   2.7095009e-02
   2.5830323e-02
   2.3527815e-02
   2.1893698e-02
   1.9906346e-02
   1.9369254e-02
   1.7964727e-02
   1.7603597e-02
   1.6528962e-02
   1.5260022e-02
   1.4023334e-02
   1.2890187e-02
   1.2936342e-02
   1.1999938e-02
   1.1270052e-02
   9.9278155e-03
   9.1124309e-03
   8.9117035e-03
   7.9195629e-03
   7.2596212e-03
   6.8923147e-03
   6.0148821e-03
   5.3970864e-03
   5.4889595e-03
   4.8784043e-03
   4.4690662e-03
   3.9653704e-03
   3.6458883e-03
   3.3862622e-03
   2.6940795e-03
   1.4938873e+02
   3.2357805e+00
   1.4215285e+00
   9.0418540e-01
   6.5662084e-01
   5.1380019e-01
   3.9765836e-01
   3.3603701e-01
   2.7862528e-01
   2.3342907e-01
   1.9922073e-01
   1.6578411e-01
   1.4476094e-01
   1.2482429e-01
   1.0926669e-01
   9.6384341e-02
   8.6020516e-02
   7.4253692e-02
   6.6472890e-02
   5.9688114e-02
   5.2445154e-02
   4.7212208e-02
   4.3108856e-02
   4.0824205e-02
   3.6986879e-02
   3.3818880e-02
   3.0641948e-02
   2.8820644e-02
   2.6889984e-02
   2.5766145e-02
   2.3495569e-02
   2.1331657e-02
   1.9854321e-02
   1.8782473e-02
   1.7493072e-02
   1.6532440e-02
   1.4347990e-02
   1.3586629e-02
   1.2386410e-02
   1.2277315e-02
   1.1540245e-02
   1.1316599e-02
   1.0088248e-02
   8.9267551e-03
   9.3061743e-03
   8.7157328e-03
   7.8943945e-03
   6.2348120e-03
   5.8240047e-03
   5.7583860e-03
   5.2199644e-03
   4.4708776e-03
   4.0347018e-03
   4.0390240e-03
   3.5996354e-03
   2.9459995e-03
   1.4929074e+02
   1.2785856e+00
   5.5673291e-01
   3.5879309e-01
   2.6502879e-01
   2.0751066e-01
   1.6742630e-01
   1.4620002e-01
   1.1714252e-01
   1.0252913e-01
   9.7597068e-02
   8.0428646e-02
   7.5336478e-02
   6.5066349e-02
   5.8551229e-02
   5.3348925e-02
   4.8020869e-02
   4.4898441e-02
   4.1156867e-02
   3.8636613e-02
   3.7359097e-02
   3.3661430e-02
   3.1535919e-02
   3.0875750e-02
   2.6411469e-02
   2.5956359e-02
   2.4093130e-02
   2.2529954e-02
   2.1895203e-02
   2.1915935e-02
   2.0898764e-02
   2.0027509e-02
   1.9457260e-02
   1.7571382e-02
   1.6826196e-02
   1.5318083e-02
   1.3628685e-02
   1.2996836e-02
   1.2615067e-02
   1.1399829e-02
   1.0607543e-02
   9.4990199e-03
   9.4895187e-03
   8.8161126e-03
   7.9942615e-03
   8.1713754e-03
   7.7074934e-03
   7.4007648e-03
   6.2068121e-03
   5.8592653e-03
   4.5777140e-03
   3.9334618e-03
   3.7051443e-03
   3.6960299e-03
   3.5193172e-03
   3.1821162e-03
