   1.4970131e+02
   4.0036173e+00
   1.8046947e+00
   1.1333189e+00
   8.2050746e-01
   6.2130156e-01
   4.8254788e-01
   3.8953901e-01
   3.1377458e-01
   2.5263221e-01
   2.1459212e-01
   1.7875829e-01
   1.4829536e-01
   1.2553024e-01
   1.0565267e-01
   8.7840131e-02
   7.3251179e-02
   6.4890186e-02
   5.3048511e-02
   4.5064001e-02
   3.8045597e-02
   3.3394735e-02
   3.1650095e-02
   2.6768011e-02
   2.4464684e-02
   2.1370619e-02
   1.9920124e-02
   1.8406852e-02
   1.6896183e-02
   1.4382816e-02
   1.3265030e-02
   1.2510633e-02
   1.2004202e-02
   1.0488934e-02
   1.0272275e-02
   9.3942693e-03
   8.1900701e-03
   8.0793124e-03
   6.9056921e-03
   6.6649615e-03
   6.1316890e-03
   5.9457352e-03
   4.6411275e-03
   4.8738925e-03
   4.1907697e-03
   3.5903309e-03
   3.5634041e-03
   3.6462209e-03
   3.3023297e-03
   2.6576377e-03
   1.8999077e-03
   1.7345603e-03
   1.6814514e-03
   1.6893226e-03
   1.2578323e-03
   1.0863157e-03
   1.5019520e+02
   3.3730528e+00
   1.5454496e+00
   9.7914718e-01
   6.8474580e-01
   5.0857856e-01
   3.8999644e-01
   3.0741691e-01
   2.4898268e-01
   2.0079457e-01
   1.6691184e-01
   1.3529921e-01
   1.1371892e-01
   9.6517980e-02
   8.2449525e-02
   7.1512942e-02
   6.1002091e-02
   5.3758138e-02
   4.8653024e-02
   4.2071141e-02
   3.8196842e-02
   3.4324703e-02
   3.0940890e-02
   2.7772905e-02
   2.4764188e-02
   2.3398800e-02
   2.1036481e-02
   1.9915746e-02
   1.9040340e-02
   1.8277400e-02
   1.6183479e-02
   1.5093436e-02
   1.4777224e-02
   1.4039913e-02
   1.2567502e-02
   1.0584346e-02
   1.0135556e-02
   9.3640031e-03
   8.2763095e-03
   7.1425717e-03
   6.6972780e-03
   5.8405498e-03
   5.2734638e-03
   5.1568337e-03
   4.7918872e-03
   4.0235769e-03
   3.4291083e-03
   2.7129554e-03
   2.2255539e-03
   1.9897209e-03
   2.0406378e-03
   1.8163460e-03
   1.5909826e-03
   1.0564246e-03
   7.6285060e-04
   6.4924051e-04
   1.4827603e+02
   3.4323271e+00
   1.6161188e+00
   1.0474299e+00
   7.4392161e-01
   5.6638699e-01
   4.4933523e-01
   3.4793830e-01
   2.8975206e-01
   2.4030215e-01
   1.9918190e-01
   1.6399696e-01
   1.3929062e-01
   1.1681062e-01
   1.0022328e-01
   8.5895859e-02
   7.4894672e-02
   6.4176327e-02
   5.6780324e-02
   5.0022174e-02
   4.4842167e-02
   4.0704364e-02
   3.6014973e-02
   3.2364090e-02
   2.9060458e-02
   2.6820479e-02
   2.4562539e-02
   2.2794254e-02
   2.0621330e-02
   1.8687712e-02
   1.7940541e-02
   1.6602860e-02
   1.5739233e-02
   1.4442566e-02
   1.2506815e-02
   1.2206692e-02
   1.1509119e-02
   9.8271241e-03
   9.0748412e-03
   8.4674694e-03
   7.7592905e-03
   7.0378541e-03
   6.8026090e-03
   6.5235704e-03
   5.7091577e-03
   4.9266955e-03
   4.1962506e-03
   3.6676530e-03
   3.0845944e-03
   2.5975648e-03
   2.6570529e-03
   2.0962268e-03
   1.8209112e-03
   1.5767023e-03
   1.5179419e-03
   1.1670199e-03
   1.4593565e+02
   2.8716152e+00
   1.2030121e+00
   7.3157656e-01
   4.9345419e-01
   3.7447023e-01
   2.7980046e-01
   2.3264750e-01
   1.8678669e-01
   1.5230179e-01
   1.2805381e-01
   1.0783852e-01
   9.2371761e-02
   7.8019652e-02
   6.8470670e-02
   6.1006545e-02
   5.3530753e-02
   4.8224295e-02
   4.5035292e-02
   4.1236454e-02
   3.8375921e-02
   3.5761216e-02
   3.4473909e-02
   3.2491470e-02
   2.9904379e-02
   2.7502692e-02
   2.7289347e-02
   2.5113376e-02
   2.4170903e-02
   2.2669650e-02
   2.1667670e-02
   1.9842333e-02
   1.8621971e-02
   1.6847368e-02
   1.6268084e-02
   1.5401676e-02
   1.4076484e-02
   1.2769786e-02
   1.1979396e-02
   1.0821882e-02
   1.0836493e-02
   9.6004193e-03
   9.0462600e-03
   8.7005002e-03
   7.8761137e-03
   7.0383264e-03
   6.2436989e-03
   5.5820070e-03
   5.1200891e-03
   4.6950077e-03
   3.6725493e-03
   2.9742771e-03
   2.7009691e-03
   2.5721437e-03
   2.0512382e-03
   2.0150290e-03
   1.4934277e+02
   2.7834445e+00
   1.2574268e+00
   8.2714334e-01
   6.0783691e-01
   4.6756241e-01
   3.5959432e-01
   2.9601803e-01
   2.2966377e-01
   1.9106345e-01
   1.6623319e-01
   1.3960622e-01
   1.1905230e-01
   9.9984272e-02
   9.0448728e-02
   7.8941760e-02
   6.9964509e-02
   6.2832095e-02
   5.6726981e-02
   5.2649038e-02
   4.7344821e-02
   4.2531815e-02
   4.1344655e-02
   3.9025126e-02
   3.6294076e-02
   3.3038236e-02
   3.2044584e-02
   2.9912561e-02
   2.7869526e-02
   2.6041529e-02
   2.4084220e-02
   2.3082480e-02
   2.2006078e-02
   1.9412002e-02
   1.8651618e-02
   1.7336959e-02
   1.6288629e-02
   1.4613436e-02
   1.4203837e-02
   1.2710045e-02
   1.0691403e-02
   1.0034140e-02
   8.9898934e-03
   9.0014823e-03
   8.0188692e-03
   7.0816309e-03
   6.2953661e-03
   5.6429579e-03
   5.3239729e-03
   4.9088438e-03
   4.1833773e-03
   3.7103432e-03
   3.1326662e-03
   2.2865330e-03
   1.8031529e-03
   1.2795809e-03
   1.4706792e+02
   2.1084463e+00
   7.3643701e-01
   4.7603306e-01
   2.9770996e-01
   2.3589178e-01
   1.7818936e-01
   1.3189859e-01
   1.0251460e-01
   8.8570248e-02
   7.8508195e-02
   7.0919249e-02
   6.1209937e-02
   5.0167316e-02
   4.7831492e-02
   4.4161364e-02
   3.9911400e-02
   3.7488711e-02
   3.5942787e-02
   3.3864072e-02
   3.0654234e-02
   2.8645377e-02
   2.8241489e-02
   2.7963580e-02
   2.6226325e-02
   2.5401748e-02
   2.4445386e-02
   2.2717882e-02
   2.2140590e-02
   2.2490905e-02
   1.9620855e-02
   1.8480331e-02
   1.8790149e-02
   1.6562476e-02
   1.6695608e-02
   1.4253960e-02
   1.2954883e-02
   1.1383592e-02
   1.0638536e-02
   9.5091590e-03
   8.6730657e-03
   7.5406701e-03
   7.0256720e-03
   6.9128841e-03
   6.0883231e-03
   5.3957410e-03
   4.7710349e-03
   4.6586176e-03
   4.5960109e-03
   4.2619936e-03
   3.8724125e-03
   3.1732346e-03
   2.7666140e-03
   2.1352611e-03
   1.9309473e-03
   2.4005417e-03
   1.4930003e+02
   2.8539158e+00
   1.2368481e+00
   7.9543459e-01
   5.6173758e-01
   4.3294012e-01
   3.2826342e-01
   2.7768665e-01
   2.3409000e-01
   1.8683819e-01
   1.5869451e-01
   1.3467585e-01
   1.1955186e-01
   1.0122538e-01
   8.8931742e-02
   8.0685491e-02
   7.2795567e-02
   6.5966462e-02
   5.8889884e-02
   5.4645889e-02
   5.2477778e-02
   4.8376350e-02
   4.4752519e-02
   4.1670898e-02
   3.8466178e-02
   3.7278409e-02
   3.3398835e-02
   3.2250513e-02
   3.0149635e-02
   2.7592452e-02
   2.6371457e-02
   2.4238579e-02
   2.2478784e-02
   2.0892174e-02
   1.9504112e-02
   1.7910733e-02
   1.7001551e-02
   1.5429078e-02
   1.4004155e-02
   1.2569152e-02
   1.1531174e-02
   1.0224443e-02
   9.0034733e-03
   9.4447205e-03
   8.6219029e-03
   7.7728151e-03
   6.9441427e-03
   6.2232144e-03
   5.2262756e-03
   4.6021509e-03
   3.9198486e-03
   3.3801986e-03
   2.8252654e-03
   2.3280841e-03
   2.1492940e-03
   1.6482095e-03
   1.4936821e+02
   1.6465825e+00
   5.7684145e-01
   3.5210063e-01
   2.3211040e-01
   1.8444385e-01
   1.3340317e-01
   1.1156779e-01
   8.5731997e-02
   7.0964781e-02
   6.5206290e-02
   5.7909206e-02
   4.9430448e-02
   4.3662937e-02
   4.1196374e-02
   3.7589017e-02
   3.6128593e-02
   3.3558865e-02
   3.0960645e-02
   2.9836923e-02
   2.9432225e-02
   2.7506851e-02
   2.6333286e-02
   2.6031194e-02
   2.4605263e-02
   2.3713024e-02
   2.1384142e-02
   2.1301912e-02
   2.0902383e-02
   1.8929796e-02
   1.8660302e-02
   1.6837256e-02
   1.6147504e-02
   1.4541717e-02
   1.4157968e-02
   1.3036060e-02
   1.2430425e-02
   1.0786914e-02
   9.9467260e-03
   9.5983775e-03
   8.4394922e-03
   7.6853668e-03
   6.8381872e-03
   6.9570463e-03
   6.4953463e-03
   5.8528890e-03
   4.8911033e-03
   4.2964249e-03
   3.8877651e-03
   3.1227319e-03
   2.6456997e-03
   2.1880326e-03
   1.8103840e-03
   2.1324098e-03
   1.6188410e-03
   1.1743340e-03
   1.4837295e+02
   1.8216825e+00
   7.0120679e-01
   4.4115104e-01
   2.9091395e-01
   2.2508481e-01
   1.6141750e-01
   1.3051535e-01
   1.0315402e-01
   8.4541966e-02
   7.5080637e-02
   6.4760868e-02
   5.9681048e-02
   5.0769462e-02
   4.9887421e-02
   4.4966003e-02
   4.2483696e-02
   3.9730990e-02
   3.8923043e-02
   3.6619282e-02
   3.6101869e-02
   3.5202082e-02
   3.4069569e-02
   3.2758502e-02
   3.1366471e-02
   3.1392858e-02
   2.9118223e-02
   2.8435263e-02
   2.6838013e-02
   2.5647453e-02
   2.4191500e-02
   2.2360501e-02
   2.1635408e-02
   1.9808068e-02
   1.8690083e-02
   1.7710403e-02
   1.6213711e-02
   1.4863893e-02
   1.3759974e-02
   1.2760502e-02
   1.2403190e-02
   1.1437372e-02
   1.0335348e-02
   1.0273506e-02
   9.2769336e-03
   8.2056065e-03
   7.2577700e-03
   6.3838457e-03
   5.3217381e-03
   4.4922684e-03
   4.0003300e-03
   3.3894338e-03
   2.7272692e-03
   2.5216422e-03
   2.0271085e-03
   1.8973918e-03
   1.4770197e+02
   1.4618662e+00
   5.5548750e-01
   3.4450803e-01
   2.3577233e-01
   1.7893663e-01
   1.3810470e-01
   1.1147950e-01
   9.6893923e-02
   8.0989713e-02
   6.8466184e-02
   6.1525197e-02
   5.6254250e-02
   5.1884303e-02
   4.7695870e-02
   4.4912305e-02
   4.2949700e-02
   3.8788130e-02
   3.7487916e-02
   3.7485543e-02
   3.7382591e-02
   3.4718553e-02
   3.3930119e-02
   3.2051862e-02
   3.1676915e-02
   2.9554771e-02
   2.9121900e-02
   2.7908518e-02
   2.6547173e-02
   2.4453328e-02
   2.4062099e-02
   2.2463913e-02
   2.1359563e-02
   1.9102705e-02
   1.7871971e-02
   1.7175375e-02
   1.5923550e-02
   1.4562287e-02
   1.3673970e-02
   1.2767859e-02
   1.1535090e-02
   1.0915541e-02
   9.6157054e-03
   9.5712585e-03
   8.4011413e-03
   7.5121193e-03
   7.0434253e-03
   6.3553399e-03
   5.5844633e-03
   4.6897724e-03
   3.9662720e-03
   3.3330615e-03
   3.1051035e-03
   2.8677415e-03
   2.4201659e-03
   1.8970270e-03
   1.4752491e+02
   1.4409428e+00
   6.0445245e-01
   3.8169545e-01
   2.6107283e-01
   1.9376286e-01
   1.4206784e-01
   1.1557122e-01
   8.9389388e-02
   7.4526896e-02
   6.7911905e-02
   5.7842160e-02
   5.3735127e-02
   4.8926692e-02
   4.4406929e-02
   4.0877123e-02
   3.7933268e-02
   3.4635906e-02
   3.4397825e-02
   3.1501386e-02
   3.0628754e-02
   2.8860328e-02
   2.8464775e-02
   2.7101986e-02
   2.5603481e-02
   2.5411413e-02
   2.3401251e-02
   2.1633335e-02
   2.1737512e-02
   2.0898363e-02
   1.7936342e-02
   1.7614531e-02
   1.7587471e-02
   1.6038942e-02
   1.4782768e-02
   1.3256976e-02
   1.2314999e-02
   1.2014450e-02
   1.1267739e-02
   9.6861185e-03
   9.2515668e-03
   8.5157404e-03
   8.1077922e-03
   7.9291435e-03
   7.0124171e-03
   6.0865113e-03
   5.6751342e-03
   4.8305516e-03
   4.1434111e-03
   3.6299587e-03
   3.2085527e-03
   2.7501470e-03
   2.1812164e-03
   2.0539648e-03
   2.0368009e-03
   1.6266300e-03
   1.4754098e+02
   2.5585588e+00
   1.0646421e+00
   6.5814735e-01
   4.4036962e-01
   3.3465401e-01
   2.5470685e-01
   2.0139029e-01
   1.6689556e-01
   1.3821485e-01
   1.1904745e-01
   1.0010983e-01
   8.6529084e-02
   7.6052051e-02
   6.8172030e-02
   6.0589097e-02
   5.4746333e-02
   4.9805671e-02
   4.4884026e-02
   4.0773830e-02
   3.6416186e-02
   3.3767681e-02
   3.1444925e-02
   2.9463169e-02
   2.7121135e-02
   2.5606349e-02
   2.3634380e-02
   2.1429727e-02
   2.1085668e-02
   1.9662779e-02
   1.7874356e-02
   1.6628591e-02
   1.6059518e-02
   1.5230539e-02
   1.4127465e-02
   1.2343953e-02
   1.1545262e-02
   1.0496855e-02
   1.0056224e-02
   9.2963779e-03
   7.7049729e-03
   7.5176722e-03
   6.5684604e-03
   6.4684008e-03
   5.8054168e-03
   5.2740772e-03
   4.6665934e-03
   4.0651740e-03
   3.6702183e-03
   3.2616969e-03
   2.7518406e-03
   2.3901236e-03
   2.1431188e-03
   2.0729162e-03
   1.7027983e-03
   1.4614957e-03
   1.4504916e+02
   3.4602271e+00
   1.5425301e+00
   9.4949120e-01
   6.7706275e-01
   5.0595272e-01
   3.9370320e-01
   3.2195053e-01
   2.6749420e-01
   2.2292416e-01
   1.8862257e-01
   1.6040708e-01
   1.3973928e-01
   1.2209461e-01
   1.0773319e-01
   9.7044196e-02
   8.5539734e-02
   7.7011341e-02
   7.1007062e-02
   6.1899593e-02
   5.8565443e-02
   5.4423234e-02
   4.9416007e-02
   4.6038380e-02
   4.2707658e-02
   4.0253530e-02
   3.7139343e-02
   3.3689794e-02
   3.1249895e-02
   2.9931398e-02
   2.7384460e-02
   2.5610666e-02
   2.3909163e-02
   2.1778690e-02
   1.9805263e-02
   1.8395895e-02
   1.7169996e-02
   1.5162433e-02
   1.4182361e-02
   1.3113524e-02
   1.2011674e-02
   1.0895054e-02
   9.8071789e-03
   9.4981581e-03
   8.2899491e-03
   7.2743886e-03
   6.1923302e-03
   5.2727850e-03
   4.6807659e-03
   4.8037848e-03
   4.3674357e-03
   3.7243486e-03
   3.2004633e-03
   3.0279411e-03
   2.9207945e-03
   2.0301959e-03
   1.4887363e+02
   3.1155170e+00
   1.4712431e+00
   9.5000775e-01
   6.9866081e-01
   5.2995845e-01
   4.0943819e-01
   3.4033151e-01
   2.7722677e-01
   2.2854445e-01
   1.9769463e-01
   1.6884591e-01
   1.4791009e-01
   1.3005689e-01
   1.1363042e-01
   1.0045320e-01
   8.9216962e-02
   8.1151982e-02
   7.2554455e-02
   6.5240423e-02
   6.1132498e-02
   5.6183206e-02
   5.0281746e-02
   4.7607488e-02
   4.3743050e-02
   3.9919548e-02
   3.7599935e-02
   3.4518188e-02
   3.1805203e-02
   2.9557026e-02
   2.8164087e-02
   2.5566931e-02
   2.3390043e-02
   2.1819589e-02
   2.0357172e-02
   1.8439032e-02
   1.6689919e-02
   1.5431687e-02
   1.3406701e-02
   1.2521852e-02
   1.1310942e-02
   1.1018990e-02
   9.2996089e-03
   9.1756994e-03
   7.9572310e-03
   7.0456591e-03
   6.2185827e-03
   5.4940738e-03
   4.8126334e-03
   4.1379968e-03
   3.7545040e-03
   2.9187925e-03
   2.1622628e-03
   1.7494579e-03
   1.5941048e-03
   1.8946274e-03
   1.4876852e+02
   3.1678861e+00
   1.3759106e+00
   8.5456585e-01
   6.0080816e-01
   4.4141431e-01
   3.3911795e-01
   2.6513904e-01
   2.1326166e-01
   1.7109151e-01
   1.4406777e-01
   1.2076699e-01
   1.0284437e-01
   8.6093353e-02
   7.3348307e-02
   6.3131269e-02
   5.4206173e-02
   4.7654847e-02
   4.0821999e-02
   3.5830162e-02
   3.1147780e-02
   2.7372969e-02
   2.5176259e-02
   2.2769775e-02
   2.0976885e-02
   1.8404925e-02
   1.7510594e-02
   1.5891288e-02
   1.5244225e-02
   1.3527004e-02
   1.2911015e-02
   1.1610786e-02
   1.0873555e-02
   1.0311629e-02
   9.5055984e-03
   8.6612310e-03
   8.0771378e-03
   7.9265077e-03
   6.5259657e-03
   6.3020393e-03
   5.4458825e-03
   4.7038165e-03
   4.0375110e-03
   4.2880290e-03
   3.8866511e-03
   3.3788852e-03
   2.9927370e-03
   2.5075804e-03
   2.2676986e-03
   1.9038643e-03
   1.5561237e-03
   1.3270552e-03
   1.3041741e-03
   9.2676508e-04
   6.6345214e-04
   6.2321476e-04
   1.4882548e+02
   3.1492694e+00
   1.4830003e+00
   9.4366341e-01
   6.8262883e-01
   5.2039252e-01
   4.0914334e-01
   3.3001034e-01
   2.6853102e-01
   2.2659766e-01
   1.9131560e-01
   1.6130304e-01
   1.3855769e-01
   1.1944175e-01
   1.0439079e-01
   8.8889262e-02
   7.8777367e-02
   6.9132513e-02
   6.0559440e-02
   5.4737632e-02
   4.8562869e-02
   4.4705511e-02
   3.9482442e-02
   3.5288809e-02
   3.1958024e-02
   2.9214504e-02
   2.6783381e-02
   2.3853875e-02
   2.2308292e-02
   1.9800022e-02
   1.8753670e-02
   1.7564436e-02
   1.5254127e-02
   1.4363170e-02
   1.2230062e-02
   1.1960338e-02
   1.0795356e-02
   9.9899416e-03
   9.0435794e-03
   8.4144270e-03
   7.2222037e-03
   6.3986620e-03
   5.3201850e-03
   5.5335119e-03
   4.9424724e-03
   4.4204009e-03
   3.8120632e-03
   3.0563476e-03
   2.3345777e-03
   2.4858824e-03
   2.4810477e-03
   2.0219318e-03
   1.8605900e-03
   1.8286997e-03
   1.3034858e-03
   1.1418776e-03
   1.4871547e+02
   4.4790770e+00
   2.0232579e+00
   1.2831179e+00
   9.3463719e-01
   7.1142268e-01
   5.5837224e-01
   4.5248638e-01
   3.7525827e-01
   3.0648685e-01
   2.5919331e-01
   2.1862950e-01
   1.8203453e-01
   1.5563409e-01
   1.3318155e-01
   1.1341638e-01
   9.6255960e-02
   8.1269772e-02
   7.0397200e-02
   6.0405220e-02
   5.1981603e-02
   4.6078572e-02
   3.9353731e-02
   3.4736951e-02
   3.1379862e-02
   2.7444138e-02
   2.3799861e-02
   2.0818268e-02
   1.8913108e-02
   1.6082770e-02
   1.5127289e-02
   1.3728568e-02
   1.1743724e-02
   1.0657446e-02
   9.6414390e-03
   9.2833444e-03
   8.2395721e-03
   7.1453505e-03
   7.3698573e-03
   6.2916325e-03
   4.7209769e-03
   4.4757543e-03
   4.5248197e-03
   4.0622989e-03
   3.5360605e-03
   2.9812057e-03
   2.5930108e-03
   2.4673520e-03
   2.1628229e-03
   1.5880094e-03
   1.5225767e-03
   1.3283451e-03
   1.4191984e-03
   1.0898471e-03
   6.9663624e-04
   4.8793553e-04
   1.4912902e+02
   4.3121888e+00
   1.9895370e+00
   1.3385477e+00
   9.9367586e-01
   7.8417125e-01
   6.3145947e-01
   5.2096207e-01
   4.4023105e-01
   3.7184644e-01
   3.2226071e-01
   2.7889211e-01
   2.4295966e-01
   2.1447120e-01
   1.8956788e-01
   1.6893989e-01
   1.5099046e-01
   1.3551313e-01
   1.2283588e-01
   1.1159482e-01
   1.0273432e-01
   9.3383807e-02
   8.7804794e-02
   8.0930807e-02
   7.4995500e-02
   6.9601863e-02
   6.5082989e-02
   6.0564299e-02
   5.6257688e-02
   5.2730977e-02
   4.9466487e-02
   4.6003254e-02
   4.2603730e-02
   3.8426724e-02
   3.5114405e-02
   3.2810527e-02
   3.0467538e-02
   2.7731332e-02
   2.5457917e-02
   2.2985988e-02
   2.0771340e-02
   1.9153569e-02
   1.7793727e-02
   1.7086650e-02
   1.5224438e-02
   1.3562789e-02
   1.1844633e-02
   1.0308421e-02
   9.1690495e-03
   8.2141178e-03
   7.3449760e-03
   6.3301010e-03
   4.6847090e-03
   3.9714737e-03
   3.1349611e-03
   2.8290878e-03
   1.4954027e+02
   3.0203902e+00
   1.3634058e+00
   8.9130438e-01
   6.5806052e-01
   5.0284341e-01
   3.9476603e-01
   3.3055224e-01
   2.6876717e-01
   2.2537048e-01
   1.9195034e-01
   1.6216168e-01
   1.3937731e-01
   1.2236221e-01
   1.0572849e-01
   9.1168727e-02
   8.0776428e-02
   7.1026852e-02
   6.1594146e-02
   5.4580474e-02
   4.9600317e-02
   4.5375434e-02
   4.0743451e-02
   3.6368428e-02
   3.2894022e-02
   2.8876134e-02
   2.6858910e-02
   2.4468523e-02
   2.2662997e-02
   2.0820160e-02
   1.9406280e-02
   1.7600052e-02
   1.6651928e-02
   1.4374695e-02
   1.2982269e-02
   1.1952175e-02
   1.1240486e-02
   1.0883062e-02
   1.0171697e-02
   8.6855086e-03
   8.3956400e-03
   6.6499017e-03
   6.1765316e-03
   6.1205033e-03
   5.3357963e-03
   4.6088757e-03
   4.1230696e-03
   3.6299383e-03
   3.0796905e-03
   2.3232567e-03
   1.8398571e-03
   1.5475899e-03
   1.1531319e-03
   9.2230588e-04
   1.1109184e-03
   7.7015062e-04
   1.4990008e+02
   3.0462025e+00
   1.4791106e+00
   9.7695348e-01
   7.2755421e-01
   5.6801831e-01
   4.5633803e-01
   3.7599674e-01
   3.1487098e-01
   2.6410401e-01
   2.2607170e-01
   1.9195276e-01
   1.6677302e-01
   1.4413922e-01
   1.2670564e-01
   1.1145972e-01
   9.8238828e-02
   8.7733362e-02
   7.7343400e-02
   6.8464651e-02
   6.2817946e-02
   5.7138603e-02
   5.2499148e-02
   4.7808039e-02
   4.3970025e-02
   4.0029889e-02
   3.6758605e-02
   3.4414396e-02
   3.1496314e-02
   2.8538299e-02
   2.6603518e-02
   2.4038614e-02
   2.2521846e-02
   2.0058982e-02
   1.8457274e-02
   1.6667637e-02
   1.5255085e-02
   1.4221182e-02
   1.3179887e-02
   1.2196483e-02
   1.1427997e-02
   9.9177544e-03
   8.8280400e-03
   8.9440276e-03
   8.5609967e-03
   7.6809775e-03
   6.8819609e-03
   6.2895499e-03
   5.8973734e-03
   5.5091221e-03
   5.1401828e-03
   4.2700676e-03
   3.4088892e-03
   2.7842011e-03
   2.5498409e-03
   1.9736589e-03
   1.4957594e+02
   1.9089419e+00
   9.2309233e-01
   6.1276850e-01
   4.4476968e-01
   3.5000963e-01
   2.8711523e-01
   2.2447547e-01
   1.8814639e-01
   1.6147154e-01
   1.3783626e-01
   1.1888160e-01
   1.0164797e-01
   8.9234747e-02
   7.8257867e-02
   6.8628185e-02
   6.1259978e-02
   5.4371774e-02
   4.8684513e-02
   4.3840357e-02
   3.8487378e-02
   3.4346144e-02
   3.1265238e-02
   2.9200773e-02
   2.6072379e-02
   2.3961485e-02
   2.1971401e-02
   2.0092668e-02
   1.8969412e-02
   1.7078433e-02
   1.6443150e-02
   1.5104493e-02
   1.3574769e-02
   1.3097901e-02
   1.1413503e-02
   1.0502685e-02
   9.2750387e-03
   8.3157987e-03
   8.0682736e-03
   7.2733971e-03
   6.9793731e-03
   5.6241135e-03
   5.2894769e-03
   5.2351806e-03
   4.8166017e-03
   4.2382846e-03
   3.6717292e-03
   3.2639582e-03
   3.1903903e-03
   2.6818364e-03
   2.3313884e-03
   2.2005631e-03
   1.6070140e-03
   1.3192439e-03
   1.2882299e-03
   7.2187906e-04
   1.4905223e+02
   2.7531502e+00
   1.2948930e+00
   8.3035788e-01
   5.9775853e-01
   4.5014125e-01
   3.5010732e-01
   2.8403530e-01
   2.2527992e-01
   1.8877170e-01
   1.6381130e-01
   1.3940414e-01
   1.1651797e-01
   9.9719131e-02
   8.7519056e-02
   7.5678477e-02
   6.5125631e-02
   5.6814027e-02
   4.9832709e-02
   4.3857682e-02
   3.9443311e-02
   3.4957681e-02
   3.1410488e-02
   2.8050846e-02
   2.4090340e-02
   2.2332307e-02
   1.9167682e-02
   1.8260866e-02
   1.6540388e-02
   1.4691439e-02
   1.3282123e-02
   1.2752766e-02
   1.0772512e-02
   1.0256507e-02
   9.0746862e-03
   8.3535480e-03
   7.6824900e-03
   6.5729906e-03
   6.1548568e-03
   5.5096978e-03
   4.8631843e-03
   4.5046989e-03
   4.8035293e-03
   4.2032941e-03
   3.6274361e-03
   3.0114965e-03
   2.4956536e-03
   2.2317467e-03
   2.0233017e-03
   1.9952554e-03
   1.7219124e-03
   1.9367682e-03
   1.4747862e-03
   1.1048586e-03
   8.1392374e-04
   8.5157936e-04
   1.4888598e+02
   2.3722545e+00
   1.1482742e+00
   7.5110868e-01
   5.4768621e-01
   4.2193312e-01
   3.4137314e-01
   2.7165027e-01
   2.3370903e-01
   1.9240855e-01
   1.6139290e-01
   1.3728212e-01
   1.1702726e-01
   9.8719064e-02
   8.7709440e-02
   7.5476988e-02
   6.5835951e-02
   5.8617810e-02
   5.1334907e-02
   4.4701109e-02
   3.9262498e-02
   3.4739518e-02
   3.2805526e-02
   2.9490272e-02
   2.6559455e-02
   2.4139033e-02
   2.1723852e-02
   2.0317367e-02
   1.8270022e-02
   1.7471769e-02
   1.4729930e-02
   1.3910857e-02
   1.3553975e-02
   1.0459119e-02
   9.4494076e-03
   9.0088197e-03
   9.2833647e-03
   8.6930826e-03
   8.1165705e-03
   6.5908612e-03
   5.9326228e-03
   5.5620556e-03
   4.6637283e-03
   4.6369394e-03
   4.3332948e-03
   3.9693652e-03
   3.5433840e-03
   3.3848985e-03
   2.8210360e-03
   2.5515178e-03
   1.9202710e-03
   1.7240568e-03
   1.4583370e-03
   1.1930517e-03
   1.6738781e-03
   1.2947267e-03
   1.4618521e+02
   2.4391859e+00
   1.1194369e+00
   7.2317741e-01
   5.2207365e-01
   3.9871199e-01
   3.2028519e-01
   2.5555773e-01
   2.1298926e-01
   1.7991219e-01
   1.4858921e-01
   1.2729536e-01
   1.0678644e-01
   9.1899730e-02
   7.9341207e-02
   6.7599324e-02
   5.8835796e-02
   5.3217270e-02
   4.5378362e-02
   3.8875042e-02
   3.3513836e-02
   3.0257832e-02
   2.7216263e-02
   2.4282553e-02
   2.1856239e-02
   1.9718935e-02
   1.8233957e-02
   1.5964564e-02
   1.4235682e-02
   1.3356854e-02
   1.1628824e-02
   1.0776374e-02
   1.0031942e-02
   9.4707098e-03
   8.2164687e-03
   7.5244647e-03
   5.3781829e-03
   5.2485624e-03
   5.5675272e-03
   4.8687555e-03
   4.4397989e-03
   4.4344030e-03
   3.4004688e-03
   3.6896848e-03
   3.4874355e-03
   2.9891293e-03
   2.3876266e-03
   2.3596678e-03
   1.9443653e-03
   1.6391130e-03
   1.7608872e-03
   1.3760862e-03
   1.1525489e-03
   8.9088832e-04
   8.8483509e-04
   1.0495241e-03
   1.4803771e+02
   2.6503154e+00
   1.1905026e+00
   7.9677435e-01
   5.9715524e-01
   4.7231070e-01
   3.7624695e-01
   3.1251426e-01
   2.5288966e-01
   2.1098817e-01
   1.8514656e-01
   1.5576274e-01
   1.3380121e-01
   1.1367998e-01
   1.0069374e-01
   8.7262275e-02
   7.6362412e-02
   6.5943650e-02
   5.7909633e-02
   5.2021005e-02
   4.6156030e-02
   4.2044670e-02
   3.7812471e-02
   3.4307106e-02
   3.0764397e-02
   2.6667353e-02
   2.5102771e-02
   2.2777232e-02
   2.0820795e-02
   1.8899448e-02
   1.7384646e-02
   1.6382934e-02
   1.4596665e-02
   1.3205850e-02
   1.2651045e-02
   1.0901513e-02
   9.6806796e-03
   9.1686280e-03
   8.4183701e-03
   7.2920051e-03
   6.6968508e-03
   6.4373509e-03
   5.3642424e-03
   5.5375312e-03
   5.0919450e-03
   4.7042090e-03
   4.1191447e-03
   3.5833819e-03
   3.1330292e-03
   2.6977274e-03
   2.5041564e-03
   2.0409043e-03
   1.7237616e-03
   1.3990654e-03
   1.1569728e-03
   1.0808097e-03
   1.4893018e+02
   2.5466952e+00
   1.1434564e+00
   7.5515808e-01
   5.5308019e-01
   4.2587237e-01
   3.4284283e-01
   2.7418974e-01
   2.2137581e-01
   1.8357404e-01
   1.6217289e-01
   1.3788925e-01
   1.1831457e-01
   1.0185895e-01
   8.8609433e-02
   7.7467264e-02
   6.7624699e-02
   5.9727999e-02
   5.2570553e-02
   4.7209687e-02
   4.3767722e-02
   3.8528546e-02
   3.5321208e-02
   3.2255928e-02
   2.9776864e-02
   2.6250196e-02
   2.4388367e-02
   2.1894283e-02
   1.9989852e-02
   1.8643765e-02
   1.8041343e-02
   1.6909966e-02
   1.4757023e-02
   1.4099017e-02
   1.2449507e-02
   1.1559603e-02
   1.1456356e-02
   9.5496542e-03
   9.2649936e-03
   8.1605231e-03
   7.8979091e-03
   7.2127238e-03
   6.4961310e-03
   6.2621903e-03
   5.5791674e-03
   5.0424257e-03
   4.6769831e-03
   4.1968413e-03
   3.5396316e-03
   3.1674777e-03
   2.8122081e-03
   2.4262574e-03
   2.2872012e-03
   1.8703405e-03
   1.2295103e-03
   1.2175593e-03
   1.4913912e+02
   2.0625093e+00
   9.7653177e-01
   6.5767500e-01
   5.0853225e-01
   3.9891595e-01
   3.0229690e-01
   2.6900912e-01
   2.1355085e-01
   1.7474432e-01
   1.5238073e-01
   1.3033024e-01
   1.1190095e-01
   9.7897575e-02
   8.5279628e-02
   7.5988962e-02
   6.6662548e-02
   5.8468461e-02
   5.2512549e-02
   4.9463986e-02
   4.4698499e-02
   4.1883064e-02
   3.6951991e-02
   3.4283986e-02
   3.1791391e-02
   2.8525675e-02
   2.6800141e-02
   2.5270826e-02
   2.2181670e-02
   2.1355804e-02
   1.9722663e-02
   1.8229180e-02
   1.6763997e-02
   1.5569192e-02
   1.4632787e-02
   1.3441677e-02
   1.1882883e-02
   1.1086650e-02
   1.0487801e-02
   9.2859581e-03
   8.5624949e-03
   8.4115287e-03
   6.6590208e-03
   7.0251446e-03
   6.0754792e-03
   5.3037834e-03
   4.6504307e-03
   3.8118290e-03
   3.5014926e-03
   3.4302564e-03
   3.3590575e-03
   2.8942120e-03
   2.4685718e-03
   1.7781558e-03
   2.0467474e-03
   1.7251916e-03
   1.4894428e+02
   1.8239098e+00
   8.0901809e-01
   5.2989817e-01
   3.9084318e-01
   3.0414895e-01
   2.3677421e-01
   1.9574430e-01
   1.5499829e-01
   1.2719323e-01
   1.1307448e-01
   9.5725816e-02
   8.2049476e-02
   7.1243178e-02
   6.1783394e-02
   5.1393830e-02
   4.5840028e-02
   4.1142907e-02
   3.6558979e-02
   3.2048384e-02
   2.9697189e-02
   2.6711169e-02
   2.3053954e-02
   2.0726644e-02
   1.9310849e-02
   1.8455110e-02
   1.6810242e-02
   1.4887496e-02
   1.3357300e-02
   1.2998210e-02
   1.1510144e-02
   1.1633807e-02
   1.0534625e-02
   1.0189436e-02
   8.8544542e-03
   7.6995316e-03
   7.6777766e-03
   7.7838552e-03
   7.1545069e-03
   6.0660725e-03
   4.8595849e-03
   4.4959209e-03
   4.9980288e-03
   5.6440291e-03
   5.0323611e-03
   4.4815573e-03
   4.0869357e-03
   3.5157566e-03
   2.8773827e-03
   2.3002556e-03
   2.3571657e-03
   1.9378895e-03
   1.5376093e-03
   1.4319378e-03
   1.0777371e-03
   6.7598181e-04
   1.4894065e+02
   2.6385738e+00
   1.2446890e+00
   8.2255246e-01
   6.1010034e-01
   4.6627492e-01
   3.5787169e-01
   2.9602120e-01
   2.3441721e-01
   1.8970742e-01
   1.6107817e-01
   1.3235591e-01
   1.1337506e-01
   9.5726741e-02
   8.2434060e-02
   7.1256759e-02
   6.1167311e-02
   5.3457415e-02
   4.7794947e-02
   4.1043181e-02
   3.7833375e-02
   3.3660565e-02
   3.0024698e-02
   2.7583330e-02
   2.4341927e-02
   2.2483988e-02
   2.0350112e-02
   1.8827029e-02
   1.6447907e-02
   1.5262249e-02
   1.4143967e-02
   1.2921186e-02
   1.1930399e-02
   1.1165962e-02
   1.0928620e-02
   9.3712833e-03
   9.1184003e-03
   8.2523385e-03
   7.7065014e-03
   6.6766931e-03
   6.0779984e-03
   5.6219978e-03
   4.9085170e-03
   4.8656467e-03
   4.5450203e-03
   4.1074928e-03
   3.6570697e-03
   3.4706898e-03
   2.8966699e-03
   2.4723599e-03
   2.3665265e-03
   2.0928869e-03
   2.1860069e-03
   1.7038595e-03
   1.3240032e-03
   9.7225189e-04
   1.4778119e+02
   1.6849287e+00
   8.0302889e-01
   5.1689283e-01
   3.7708112e-01
   2.8240606e-01
   2.1900090e-01
   1.8307209e-01
   1.4946242e-01
   1.2773478e-01
   1.1096540e-01
   9.5001600e-02
   8.4986829e-02
   7.5682598e-02
   6.8842792e-02
   6.2682146e-02
   5.7670819e-02
   5.3113870e-02
   4.7833604e-02
   4.3753253e-02
   4.1438205e-02
   3.8561224e-02
   3.6305260e-02
   3.4161709e-02
   3.2338981e-02
   3.0359392e-02
   2.8515979e-02
   2.7288902e-02
   2.4934046e-02
   2.3782743e-02
   2.1819140e-02
   2.0290952e-02
   1.9706273e-02
   1.7464645e-02
   1.6398847e-02
   1.5268714e-02
   1.4251687e-02
   1.3037357e-02
   1.1876966e-02
   1.0759848e-02
   9.9861919e-03
   9.3752927e-03
   7.9864490e-03
   7.9394128e-03
   6.9796040e-03
   6.2115257e-03
   5.8926154e-03
   5.3138629e-03
   4.7293715e-03
   3.7733668e-03
   2.9790266e-03
   2.5146920e-03
   2.4484515e-03
   1.8850186e-03
   1.8283598e-03
   1.5719551e-03
   1.4939003e+02
   2.0054541e+00
   9.3508600e-01
   6.2564682e-01
   4.4243502e-01
   3.4404673e-01
   2.9295105e-01
   2.2535517e-01
   1.9114796e-01
   1.6481269e-01
   1.3948634e-01
   1.2189081e-01
   1.0538670e-01
   9.3356043e-02
   8.2906523e-02
   7.3033691e-02
   6.4870698e-02
   6.0924518e-02
   5.4060456e-02
   4.8949496e-02
   4.3039734e-02
   3.9571949e-02
   3.8454434e-02
   3.5220475e-02
   3.2852371e-02
   3.0330184e-02
   2.8602056e-02
   2.6647035e-02
   2.4622174e-02
   2.2366147e-02
   2.0521000e-02
   1.9247648e-02
   1.7955682e-02
   1.6852070e-02
   1.5180058e-02
   1.4434140e-02
   1.3416616e-02
   1.2078513e-02
   1.0624687e-02
   9.8425090e-03
   9.0911440e-03
   8.3559285e-03
   7.4228638e-03
   7.1201742e-03
   6.6428688e-03
   5.9672643e-03
   5.1555350e-03
   4.5416091e-03
   4.0406563e-03
   3.5455926e-03
   3.0231273e-03
   2.7800150e-03
   2.0238873e-03
   1.6961034e-03
   1.2175606e-03
   1.0338954e-03
   1.4939523e+02
   1.5106657e+00
   6.6138099e-01
   4.3618754e-01
   3.2373117e-01
   2.5299964e-01
   1.9480783e-01
   1.6850013e-01
   1.3252712e-01
   1.1167478e-01
   9.9048919e-02
   8.5336425e-02
   7.4075515e-02
   6.6618743e-02
   5.9978047e-02
   5.3744605e-02
   4.6968107e-02
   4.2969581e-02
   3.8987733e-02
   3.5764494e-02
   3.3712994e-02
   3.1950107e-02
   2.7689821e-02
   2.6660811e-02
   2.4867511e-02
   2.2176486e-02
   2.1257935e-02
   1.9090556e-02
   1.7845594e-02
   1.7491891e-02
   1.6447480e-02
   1.4962091e-02
   1.3567426e-02
   1.3220960e-02
   1.2427601e-02
   1.1075878e-02
   1.0290026e-02
   8.7259989e-03
   8.5479380e-03
   7.5910416e-03
   6.9185483e-03
   6.2026290e-03
   5.4046318e-03
   5.4001292e-03
   4.7913384e-03
   4.2700603e-03
   3.7505528e-03
   3.3847562e-03
   2.7030216e-03
   2.3467358e-03
   2.1381485e-03
   1.5163084e-03
   1.4220672e-03
   1.4602096e-03
   1.4221758e-03
   1.1725251e-03
   1.4938873e+02
   2.6732807e+00
   1.2229759e+00
   7.7674460e-01
   5.7234601e-01
   4.3474258e-01
   3.3384249e-01
   2.7821370e-01
   2.2123491e-01
   1.8525627e-01
   1.5628647e-01
   1.3138096e-01
   1.1479034e-01
   9.7462688e-02
   8.5788021e-02
   7.3749717e-02
   6.4712860e-02
   5.7137767e-02
   5.0394128e-02
   4.3748706e-02
   4.1497887e-02
   3.7409820e-02
   3.3476690e-02
   3.0159248e-02
   2.7245044e-02
   2.5550100e-02
   2.3655902e-02
   2.1624869e-02
   1.9877342e-02
   1.8477077e-02
   1.7168503e-02
   1.5519091e-02
   1.3994619e-02
   1.3088326e-02
   1.2808270e-02
   1.1598520e-02
   1.0793177e-02
   1.0053909e-02
   9.6467647e-03
   8.7880729e-03
   7.9038209e-03
   6.2994121e-03
   5.7855817e-03
   5.6402921e-03
   5.0045510e-03
   4.0944656e-03
   4.1052561e-03
   3.7534066e-03
   3.0545382e-03
   2.7220639e-03
   2.6346737e-03
   1.8222137e-03
   1.2483735e-03
   1.7731118e-03
   2.0782913e-03
   1.5882500e-03
   1.4929074e+02
   1.0735076e+00
   4.7043843e-01
   3.2433183e-01
   2.3420409e-01
   1.8639007e-01
   1.4826346e-01
   1.1961719e-01
   9.5923277e-02
   8.1019023e-02
   7.2883711e-02
   6.9132957e-02
   5.9372267e-02
   5.3218383e-02
   4.7991679e-02
   4.3673982e-02
   4.0243241e-02
   3.6970280e-02
   3.5779926e-02
   3.3450263e-02
   3.0755860e-02
   2.7735522e-02
   2.5571008e-02
   2.3541229e-02
   2.2670906e-02
   2.2426800e-02
   2.0583493e-02
   2.0429132e-02
   1.9042846e-02
   1.7542580e-02
   1.6337613e-02
   1.4484415e-02
   1.3093326e-02
   1.2597998e-02
   1.1716890e-02
   1.0589872e-02
   9.9396759e-03
   8.9222042e-03
   8.4422986e-03
   7.8914449e-03
   7.3490032e-03
   7.4599670e-03
   6.3566701e-03
   5.6325234e-03
   4.3279934e-03
   3.7798809e-03
   3.6436019e-03
   3.4503735e-03
   3.2140741e-03
   2.1971281e-03
   2.0258841e-03
   2.4692416e-03
   1.8089476e-03
   1.3641261e-03
   1.0287731e-03
   1.1308803e-03
