   1.4949805e+02
   4.9340557e-01
   1.6100338e-01
   8.9836823e-02
   6.5961916e-02
   4.8631468e-02
   3.9168817e-02
   2.9361824e-02
   2.2372036e-02
   2.1093458e-02
   1.7451702e-02
   1.5957683e-02
   1.3736866e-02
   1.4596080e-02
   1.4005734e-02
   1.4645617e-02
   1.5104871e-02
   1.4874360e-02
   1.6850757e-02
   1.5380598e-02
   1.4889090e-02
   1.4827194e-02
   1.6139992e-02
   1.5875928e-02
   1.3299837e-02
   1.5151668e-02
   1.4239388e-02
   1.1783660e-02
   1.4098510e-02
   1.4136594e-02
   1.4442802e-02
   1.4828019e-02
   1.2202880e-02
   1.4002307e-02
   1.4002199e-02
   1.2161452e-02
   1.0767054e-02
   1.2119003e-02
   9.2193842e-03
   1.0078732e-02
   1.0457324e-02
   8.5727374e-03
   9.4624886e-03
   8.0438815e-03
   7.2397680e-03
   7.3063034e-03
   6.9081368e-03
   6.0259025e-03
   4.7096356e-03
   4.2861173e-03
   3.5151209e-03
   3.8036716e-03
   3.7730801e-03
   2.9356608e-03
   3.3139840e-03
   3.5112453e-03
   1.5282808e+02
   1.6800731e+00
   8.3401114e-01
   5.6122907e-01
   4.3590961e-01
   3.3802980e-01
   2.7128162e-01
   2.2182928e-01
   1.8425304e-01
   1.5701483e-01
   1.3800094e-01
   1.1891506e-01
   1.0468078e-01
   9.3836262e-02
   8.3720528e-02
   7.6607505e-02
   7.1575162e-02
   6.6539729e-02
   6.3321558e-02
   5.8556943e-02
   5.5885511e-02
   5.3933359e-02
   4.9801043e-02
   4.8252231e-02
   4.6547753e-02
   4.4749397e-02
   4.3212998e-02
   4.0089033e-02
   3.8130280e-02
   3.6609670e-02
   3.5571837e-02
   3.3496215e-02
   3.0029782e-02
   3.0388462e-02
   2.8086957e-02
   2.6689496e-02
   2.5177836e-02
   2.3952553e-02
   2.0543052e-02
   1.9905580e-02
   2.0571840e-02
   1.8675126e-02
   1.7108936e-02
   1.7853878e-02
   1.7225923e-02
   1.5500921e-02
   1.5443395e-02
   1.5983788e-02
   1.3606630e-02
   1.3116482e-02
   1.3192042e-02
   1.2574827e-02
   1.1707905e-02
   1.0823324e-02
   9.1133086e-03
   9.2202773e-03
   1.5067233e+02
   2.2578430e-01
   1.6600236e-02
   9.2513416e-03
   7.8497417e-03
   4.7558613e-03
   4.5603756e-03
   4.6461526e-03
   4.4225394e-03
   4.2342349e-03
   4.3366724e-03
   4.5560565e-03
   5.7985942e-03
   5.9277464e-03
   6.6511572e-03
   6.6705444e-03
   7.1033808e-03
   7.6027051e-03
   8.3046906e-03
   9.4030665e-03
   9.0402380e-03
   8.8600657e-03
   1.0377114e-02
   8.8955556e-03
   9.9121452e-03
   1.0543593e-02
   1.0180581e-02
   9.5093043e-03
   9.2622046e-03
   9.2879060e-03
   9.0222686e-03
   8.4216722e-03
   8.6880087e-03
   8.8073729e-03
   8.9150980e-03
   8.7310860e-03
   8.8641144e-03
   9.3035123e-03
   9.3587512e-03
   7.8254380e-03
   7.7543169e-03
   7.5616308e-03
   9.4104608e-03
   8.4026221e-03
   8.2490196e-03
   8.5821077e-03
   8.4043786e-03
   7.8687987e-03
   7.5570197e-03
   7.3862283e-03
   7.0980088e-03
   7.3699968e-03
   7.5698087e-03
   7.9359155e-03
   7.9225977e-03
   7.1240368e-03
   1.5054806e+02
   4.0871739e-01
   9.8618588e-02
   5.2513586e-02
   3.2637411e-02
   1.8565370e-02
   1.1049753e-02
   9.3186672e-03
   7.9112676e-03
   5.4860436e-03
   5.6118304e-03
   4.8681027e-03
   4.2163695e-03
   4.2388415e-03
   6.0626569e-03
   6.3469881e-03
   6.4552913e-03
   7.2263983e-03
   6.2647581e-03
   9.2545292e-03
   7.3940187e-03
   9.1730001e-03
   7.8268634e-03
   8.4173857e-03
   8.6834790e-03
   9.1329661e-03
   1.1025586e-02
   8.4560909e-03
   1.0415756e-02
   1.0104133e-02
   9.7039229e-03
   1.0499905e-02
   1.1237507e-02
   8.5434842e-03
   7.1705537e-03
   8.7653321e-03
   9.1417547e-03
   8.6477232e-03
   1.0172956e-02
   8.6753870e-03
   8.9113520e-03
   8.2718254e-03
   9.6510886e-03
   8.8734030e-03
   8.1227947e-03
   7.0428000e-03
   6.5581672e-03
   6.5458164e-03
   6.2886366e-03
   5.2032641e-03
   4.5602528e-03
   3.5450711e-03
   2.8168510e-03
   1.7161706e-03
   1.9608540e-03
   2.7782391e-03
   1.5282808e+02
   1.6800731e+00
   8.3401114e-01
   5.6122907e-01
   4.3590961e-01
   3.3802980e-01
   2.7128162e-01
   2.2182928e-01
   1.8425304e-01
   1.5701483e-01
   1.3800094e-01
   1.1891506e-01
   1.0468078e-01
   9.3836262e-02
   8.3720528e-02
   7.6607505e-02
   7.1575162e-02
   6.6539729e-02
   6.3321558e-02
   5.8556943e-02
   5.5885511e-02
   5.3933359e-02
   4.9801043e-02
   4.8252231e-02
   4.6547753e-02
   4.4749397e-02
   4.3212998e-02
   4.0089033e-02
   3.8130280e-02
   3.6609670e-02
   3.5571837e-02
   3.3496215e-02
   3.0029782e-02
   3.0388462e-02
   2.8086957e-02
   2.6689496e-02
   2.5177836e-02
   2.3952553e-02
   2.0543052e-02
   1.9905580e-02
   2.0571840e-02
   1.8675126e-02
   1.7108936e-02
   1.7853878e-02
   1.7225923e-02
   1.5500921e-02
   1.5443395e-02
   1.5983788e-02
   1.3606630e-02
   1.3116482e-02
   1.3192042e-02
   1.2574827e-02
   1.1707905e-02
   1.0823324e-02
   9.1133086e-03
   9.2202773e-03
   1.4949805e+02
   4.9340557e-01
   1.6100338e-01
   8.9836823e-02
   6.5961916e-02
   4.8631468e-02
   3.9168817e-02
   2.9361824e-02
   2.2372036e-02
   2.1093458e-02
   1.7451702e-02
   1.5957683e-02
   1.3736866e-02
   1.4596080e-02
   1.4005734e-02
   1.4645617e-02
   1.5104871e-02
   1.4874360e-02
   1.6850757e-02
   1.5380598e-02
   1.4889090e-02
   1.4827194e-02
   1.6139992e-02
   1.5875928e-02
   1.3299837e-02
   1.5151668e-02
   1.4239388e-02
   1.1783660e-02
   1.4098510e-02
   1.4136594e-02
   1.4442802e-02
   1.4828019e-02
   1.2202880e-02
   1.4002307e-02
   1.4002199e-02
   1.2161452e-02
   1.0767054e-02
   1.2119003e-02
   9.2193842e-03
   1.0078732e-02
   1.0457324e-02
   8.5727374e-03
   9.4624886e-03
   8.0438815e-03
   7.2397680e-03
   7.3063034e-03
   6.9081368e-03
   6.0259025e-03
   4.7096356e-03
   4.2861173e-03
   3.5151209e-03
   3.8036716e-03
   3.7730801e-03
   2.9356608e-03
   3.3139840e-03
   3.5112453e-03
   1.4975113e+02
   6.5359748e-01
   2.4873802e-01
   1.4226072e-01
   9.5251704e-02
   6.2076509e-02
   4.3950633e-02
   2.7132388e-02
   1.9516538e-02
   1.3214717e-02
   1.0354265e-02
   9.3116335e-03
   7.7992246e-03
   6.9422296e-03
   5.2517150e-03
   7.3799106e-03
   7.0212297e-03
   6.7046383e-03
   6.5313883e-03
   7.4228452e-03
   5.1970409e-03
   5.6857913e-03
   5.8142205e-03
   6.5469633e-03
   7.2917365e-03
   7.9668123e-03
   7.9700000e-03
   7.9136269e-03
   7.4674851e-03
   7.0267236e-03
   6.5609557e-03
   6.4674652e-03
   7.5127470e-03
   5.5119280e-03
   5.6366557e-03
   6.5090715e-03
   5.3730151e-03
   6.0195537e-03
   5.3456375e-03
   5.7704520e-03
   5.6780626e-03
   5.0079104e-03
   4.9190235e-03
   5.7558603e-03
   5.5617078e-03
   5.3280161e-03
   5.3338758e-03
   5.1793885e-03
   5.1437270e-03
   5.1564948e-03
   5.1053582e-03
   4.9311506e-03
   4.9692513e-03
   5.1505458e-03
   4.9879939e-03
   4.9530825e-03
   1.4885646e+02
   9.7089635e-01
   4.1677188e-01
   2.6553999e-01
   2.0215752e-01
   1.5259685e-01
   1.1970215e-01
   9.2532572e-02
   7.3177627e-02
   5.8402229e-02
   5.1657739e-02
   4.2581713e-02
   3.4644513e-02
   2.8897415e-02
   2.3947110e-02
   2.1721922e-02
   1.8028662e-02
   1.6694278e-02
   1.5425113e-02
   1.4938470e-02
   1.4024423e-02
   1.3245836e-02
   1.2316029e-02
   1.2135597e-02
   1.1780022e-02
   1.2899552e-02
   1.2617555e-02
   1.2390049e-02
   1.1056454e-02
   1.2228973e-02
   1.0093465e-02
   9.9431590e-03
   1.2018903e-02
   1.0596730e-02
   1.0262813e-02
   1.0075182e-02
   9.6782122e-03
   9.0751941e-03
   8.4851802e-03
   9.2688819e-03
   8.6877932e-03
   7.6913526e-03
   7.7004439e-03
   7.8356158e-03
   7.3471239e-03
   7.2242434e-03
   6.8707851e-03
   6.4950612e-03
   6.5118816e-03
   6.2899172e-03
   5.9894476e-03
   5.8901597e-03
   5.5496558e-03
   5.1633772e-03
   4.6209903e-03
   4.2182580e-03
   1.4940169e+02
   9.3245989e-01
   3.9227606e-01
   2.3897366e-01
   1.7368565e-01
   1.2732128e-01
   9.8456670e-02
   7.6071907e-02
   5.9854803e-02
   4.8008375e-02
   3.8976302e-02
   3.2698884e-02
   2.7553923e-02
   2.1365780e-02
   1.7248186e-02
   1.4959678e-02
   1.4229985e-02
   1.1862571e-02
   1.1262609e-02
   1.0245924e-02
   9.4704163e-03
   9.5667075e-03
   8.4333162e-03
   7.9758453e-03
   8.3838707e-03
   7.8270167e-03
   6.9963282e-03
   7.1528391e-03
   6.7825621e-03
   6.4787170e-03
   6.4426981e-03
   5.6107370e-03
   5.7333339e-03
   6.1054881e-03
   6.5446986e-03
   5.5147645e-03
   5.6454634e-03
   5.2615496e-03
   5.4820487e-03
   5.8185785e-03
   5.9229860e-03
   5.9138592e-03
   6.4559465e-03
   6.0739438e-03
   6.1573410e-03
   6.0648259e-03
   5.9797375e-03
   6.2101312e-03
   6.5324277e-03
   7.0168194e-03
   7.5487996e-03
   7.1520429e-03
   7.0859980e-03
   7.1592387e-03
   7.2350575e-03
   7.4280050e-03
   1.4913246e+02
   1.0983307e+00
   4.8784525e-01
   3.0848411e-01
   2.2927593e-01
   1.7047038e-01
   1.3243702e-01
   1.0323043e-01
   8.1684034e-02
   6.4944225e-02
   5.4873751e-02
   4.4539323e-02
   3.5675617e-02
   2.9591312e-02
   2.4396600e-02
   2.0546242e-02
   1.7474131e-02
   1.5167719e-02
   1.4349893e-02
   1.1091594e-02
   1.0164962e-02
   9.9307396e-03
   8.9240501e-03
   9.1760552e-03
   8.1566625e-03
   8.5358217e-03
   7.9906708e-03
   8.3142274e-03
   6.8452725e-03
   6.4507243e-03
   6.1513022e-03
   6.3597460e-03
   5.9247680e-03
   5.9876078e-03
   5.5529396e-03
   6.1252307e-03
   5.5206858e-03
   4.3689843e-03
   4.5614459e-03
   4.9727060e-03
   4.2234695e-03
   4.6302301e-03
   4.2993279e-03
   4.1585684e-03
   3.8437281e-03
   3.6193376e-03
   3.7091194e-03
   3.9524134e-03
   4.0627813e-03
   4.2818753e-03
   4.4046418e-03
   4.4866797e-03
   4.6784898e-03
   4.4590120e-03
   5.0452655e-03
   5.3619448e-03
   1.4976111e+02
   1.3323204e+00
   5.6169619e-01
   3.4435099e-01
   2.5367661e-01
   1.8495148e-01
   1.3728327e-01
   1.0854603e-01
   8.4666277e-02
   6.6743607e-02
   5.5784599e-02
   4.4352494e-02
   3.6168680e-02
   2.9984866e-02
   2.5527621e-02
   2.0941706e-02
   1.8883672e-02
   1.6855821e-02
   1.5132941e-02
   1.3186684e-02
   1.3093878e-02
   1.2732240e-02
   1.1865281e-02
   1.0395239e-02
   1.0623746e-02
   1.0078144e-02
   1.0095613e-02
   1.0103528e-02
   9.4799829e-03
   7.9321738e-03
   8.7002558e-03
   9.4330757e-03
   9.1196012e-03
   9.3249396e-03
   9.6520590e-03
   9.1837328e-03
   9.8997421e-03
   8.6180133e-03
   9.2971860e-03
   8.7369915e-03
   9.5272786e-03
   1.0022785e-02
   1.0071788e-02
   9.5282027e-03
   9.3513657e-03
   9.4180527e-03
   9.9452876e-03
   9.8886014e-03
   9.8278710e-03
   9.5656736e-03
   9.4723527e-03
   9.3118200e-03
   9.3714108e-03
   9.5281417e-03
   9.4653491e-03
   8.9775844e-03
   1.4506030e+02
   7.9466693e-01
   3.1845985e-01
   2.0527228e-01
   1.5902220e-01
   1.2116457e-01
   9.5765467e-02
   7.8230538e-02
   6.3243711e-02
   5.3122490e-02
   4.6730363e-02
   3.9545946e-02
   3.5059328e-02
   3.0286778e-02
   2.6913904e-02
   2.5576340e-02
   2.2108237e-02
   2.0427389e-02
   1.9183830e-02
   1.7993042e-02
   1.7093128e-02
   1.5059958e-02
   1.4533090e-02
   1.3794900e-02
   1.4239948e-02
   1.3801657e-02
   1.3121722e-02
   1.2501343e-02
   1.1365017e-02
   1.1622954e-02
   1.1024742e-02
   1.0839520e-02
   9.5017159e-03
   1.1429527e-02
   1.0293484e-02
   1.0342788e-02
   1.0480060e-02
   8.9677109e-03
   1.0136528e-02
   9.6825491e-03
   9.4384787e-03
   9.5165588e-03
   9.6315411e-03
   9.6425906e-03
   9.9020501e-03
   1.0127037e-02
   1.0186786e-02
   1.0242301e-02
   1.0191437e-02
   1.0383820e-02
   1.0606310e-02
   1.0327193e-02
   1.0519762e-02
   1.0420476e-02
   1.0547471e-02
   1.1113238e-02
   1.4978085e+02
   6.1508760e-01
   2.3231034e-01
   1.4795294e-01
   1.0941137e-01
   7.9283796e-02
   6.1297583e-02
   4.2039733e-02
   3.4004349e-02
   2.5753474e-02
   2.2198904e-02
   1.8474385e-02
   1.4496332e-02
   1.2891196e-02
   1.0318680e-02
   1.1516713e-02
   1.0361877e-02
   1.0244793e-02
   9.8846167e-03
   9.8069214e-03
   1.0280556e-02
   9.8762534e-03
   8.8032524e-03
   8.7204511e-03
   1.0483766e-02
   9.4496379e-03
   9.4157119e-03
   7.9003784e-03
   7.5457734e-03
   8.1495516e-03
   7.5919996e-03
   7.5892549e-03
   7.7133972e-03
   7.0313024e-03
   6.9041870e-03
   6.5601728e-03
   5.9920190e-03
   6.2172637e-03
   4.8960323e-03
   5.1809638e-03
   4.1579854e-03
   4.1508431e-03
   4.8147581e-03
   4.2118733e-03
   4.0363156e-03
   3.8275806e-03
   4.0753807e-03
   4.0415242e-03
   3.5490772e-03
   3.9093494e-03
   3.9580679e-03
   3.2433149e-03
   3.1180641e-03
   2.5355540e-03
   2.7739222e-03
   3.1787080e-03
   1.4947740e+02
   1.7721226e-01
   4.2872814e-02
   4.3788729e-02
   4.2447455e-02
   4.1287128e-02
   4.5183622e-02
   3.8044121e-02
   3.7099782e-02
   3.2307871e-02
   3.1794904e-02
   2.8830651e-02
   2.5523753e-02
   2.2447241e-02
   2.1857990e-02
   1.8349867e-02
   1.7829269e-02
   1.6624164e-02
   1.6094549e-02
   1.6100971e-02
   1.3588244e-02
   1.2833484e-02
   1.3625269e-02
   1.3550919e-02
   1.3053062e-02
   1.3477091e-02
   1.0964069e-02
   1.3562711e-02
   1.0657093e-02
   1.1652819e-02
   1.0622237e-02
   9.3640682e-03
   1.0287719e-02
   9.0681982e-03
   9.4132142e-03
   1.0171368e-02
   9.9453018e-03
   9.6854285e-03
   9.6919422e-03
   8.1182844e-03
   9.1329167e-03
   8.6982978e-03
   7.5612240e-03
   7.9456338e-03
   7.9936880e-03
   8.0479307e-03
   8.2067255e-03
   8.2049846e-03
   7.9187363e-03
   7.5875313e-03
   7.5333683e-03
   7.7516685e-03
   7.7579603e-03
   7.5905984e-03
   7.1543513e-03
   7.3217669e-03
   1.5144590e+02
   8.3536667e-01
   3.1118958e-01
   1.9196610e-01
   1.4328790e-01
   1.0700602e-01
   7.9574985e-02
   6.5969606e-02
   5.1538819e-02
   4.2589162e-02
   3.5417487e-02
   3.0378332e-02
   2.5393871e-02
   2.1535577e-02
   1.8659889e-02
   1.6072045e-02
   1.4835833e-02
   1.4285652e-02
   1.2713285e-02
   1.2586828e-02
   1.1137213e-02
   1.1859568e-02
   1.1775739e-02
   1.0985936e-02
   1.0200712e-02
   9.2139821e-03
   8.2057559e-03
   9.2244095e-03
   8.3145896e-03
   8.3306190e-03
   8.6567661e-03
   8.8100963e-03
   8.3381403e-03
   7.5156220e-03
   6.9281637e-03
   6.9944782e-03
   7.2190873e-03
   6.0133920e-03
   6.6870247e-03
   5.9935266e-03
   6.1830984e-03
   6.0491995e-03
   5.2632077e-03
   5.1085195e-03
   4.7808619e-03
   4.9276104e-03
   4.9391487e-03
   4.5454357e-03
   4.2744709e-03
   4.2952465e-03
   4.2638593e-03
   4.0168240e-03
   3.7706983e-03
   3.8606964e-03
   3.8157375e-03
   3.8422920e-03
   1.5146350e+02
   7.0307090e-01
   3.1599018e-01
   2.0906831e-01
   1.5911632e-01
   1.2372493e-01
   9.8872743e-02
   8.0459289e-02
   6.6896008e-02
   5.6494910e-02
   5.0691278e-02
   4.4446935e-02
   3.8055375e-02
   3.4317913e-02
   2.9928895e-02
   2.7608637e-02
   2.4218491e-02
   2.3797372e-02
   2.0985798e-02
   1.8914503e-02
   1.8644025e-02
   1.5711734e-02
   1.5033190e-02
   1.3843444e-02
   1.3143272e-02
   1.2643090e-02
   1.0596569e-02
   1.1059966e-02
   9.0254494e-03
   8.1435317e-03
   8.9818834e-03
   7.7745066e-03
   6.4033318e-03
   6.1364642e-03
   5.8585582e-03
   5.2735164e-03
   4.2757173e-03
   4.2296132e-03
   3.9587160e-03
   3.6711184e-03
   3.8246196e-03
   3.7651926e-03
   3.6548142e-03
   3.6955811e-03
   3.7179081e-03
   3.4203814e-03
   3.1201667e-03
   2.8505682e-03
   2.4221761e-03
   2.0689727e-03
   1.7665116e-03
   1.6116075e-03
   1.6983541e-03
   1.8333302e-03
   2.3596111e-03
   2.3602179e-03
   1.5058058e+02
   9.9109184e-01
   4.4078847e-01
   2.8567229e-01
   2.1997045e-01
   1.6550560e-01
   1.2656504e-01
   1.0297104e-01
   8.2473107e-02
   6.9253263e-02
   5.8443268e-02
   4.8857702e-02
   4.1126167e-02
   3.5935075e-02
   3.1842485e-02
   2.8058529e-02
   2.4525531e-02
   2.1980835e-02
   2.0081276e-02
   1.9056638e-02
   1.6937759e-02
   1.6400768e-02
   1.5993114e-02
   1.4382106e-02
   1.4401742e-02
   1.2896018e-02
   1.2858912e-02
   1.1589958e-02
   1.1340116e-02
   1.0406372e-02
   1.1281854e-02
   1.0358503e-02
   9.6101343e-03
   9.0092201e-03
   8.5474962e-03
   9.0510390e-03
   8.3797717e-03
   7.4383221e-03
   7.1282433e-03
   7.1342297e-03
   6.8501082e-03
   6.6165651e-03
   6.1981338e-03
   6.4024310e-03
   6.2062500e-03
   5.6947490e-03
   5.7585048e-03
   5.7874002e-03
   5.3036138e-03
   4.7050442e-03
   4.6322981e-03
   4.8185004e-03
   5.3480951e-03
   5.0249113e-03
   4.3110411e-03
   4.1662210e-03
   1.5028566e+02
   3.5140349e-01
   8.6086214e-02
   4.8066963e-02
   3.3183578e-02
   2.3399736e-02
   1.7087749e-02
   1.2674395e-02
   1.0873539e-02
   8.1557330e-03
   7.1736824e-03
   6.4334818e-03
   6.2671197e-03
   5.6746193e-03
   6.6795973e-03
   5.9344292e-03
   6.5352029e-03
   6.0709712e-03
   7.0933455e-03
   7.6591929e-03
   7.3274801e-03
   7.8320562e-03
   7.4890711e-03
   7.5852138e-03
   6.7033218e-03
   7.0894240e-03
   7.4482777e-03
   7.3662651e-03
   7.0029257e-03
   7.4352189e-03
   6.6040802e-03
   6.2554748e-03
   6.7394640e-03
   5.6614877e-03
   5.8195879e-03
   5.2398940e-03
   4.9641675e-03
   4.3655448e-03
   4.9662276e-03
   4.3647359e-03
   4.0831639e-03
   3.6332345e-03
   3.5221469e-03
   3.3627027e-03
   3.1425382e-03
   3.0087861e-03
   2.9294751e-03
   2.7986236e-03
   2.7828634e-03
   2.8108186e-03
   2.7417463e-03
   2.7308888e-03
   2.3691155e-03
   2.5136953e-03
   2.6508202e-03
   2.8156404e-03
   1.5008100e+02
   9.4618319e-01
   3.3716560e-01
   1.8172895e-01
   1.1913303e-01
   8.1488599e-02
   5.7217752e-02
   4.1011086e-02
   2.7997928e-02
   2.0028730e-02
   1.9184412e-02
   1.5664396e-02
   1.3407703e-02
   1.1619463e-02
   1.1526742e-02
   1.0983672e-02
   1.1356864e-02
   1.0813837e-02
   1.2364655e-02
   1.1776703e-02
   1.1676339e-02
   1.0667192e-02
   1.0796332e-02
   1.2185714e-02
   1.0608122e-02
   1.0518151e-02
   1.1340615e-02
   1.1473253e-02
   1.1071716e-02
   1.0886109e-02
   9.9447355e-03
   9.6660241e-03
   8.4521964e-03
   9.5518582e-03
   9.2334728e-03
   8.5513705e-03
   7.8703434e-03
   8.7940564e-03
   7.5790395e-03
   7.4611306e-03
   8.1450042e-03
   7.2234942e-03
   6.5017572e-03
   6.4455517e-03
   6.2324428e-03
   6.0965269e-03
   5.8705317e-03
   5.7933209e-03
   5.5791671e-03
   5.2361829e-03
   4.9208273e-03
   4.7318966e-03
   4.7066360e-03
   4.6821694e-03
   4.7340876e-03
   4.3149410e-03
   1.4945681e+02
   2.7396463e+00
   7.5605530e-01
   4.1881377e-01
   3.0098543e-01
   2.2141656e-01
   1.6837503e-01
   1.2941995e-01
   9.8883925e-02
   7.8613516e-02
   6.8196607e-02
   5.4061064e-02
   4.4221323e-02
   3.6722861e-02
   3.0574553e-02
   2.6448391e-02
   2.3316724e-02
   2.0153884e-02
   1.8908785e-02
   1.7741534e-02
   1.6787156e-02
   1.5514944e-02
   1.4544073e-02
   1.4219384e-02
   1.3887540e-02
   1.3039407e-02
   1.3247041e-02
   1.2565526e-02
   1.1859138e-02
   1.1565604e-02
   1.1638549e-02
   1.1414138e-02
   9.8565549e-03
   1.0705428e-02
   1.0333054e-02
   9.7532796e-03
   9.7941124e-03
   9.6655546e-03
   8.9280673e-03
   8.2499490e-03
   8.1606112e-03
   8.5337260e-03
   7.4315144e-03
   7.7944771e-03
   7.7326143e-03
   7.1490092e-03
   6.8993421e-03
   6.8246518e-03
   6.5741257e-03
   6.0535708e-03
   6.0861512e-03
   5.9698903e-03
   6.0561357e-03
   5.9468026e-03
   5.8287244e-03
   5.3463201e-03
   1.5282808e+02
   1.6800731e+00
   8.3401114e-01
   5.6122907e-01
   4.3590961e-01
   3.3802980e-01
   2.7128162e-01
   2.2182928e-01
   1.8425304e-01
   1.5701483e-01
   1.3800094e-01
   1.1891506e-01
   1.0468078e-01
   9.3836262e-02
   8.3720528e-02
   7.6607505e-02
   7.1575162e-02
   6.6539729e-02
   6.3321558e-02
   5.8556943e-02
   5.5885511e-02
   5.3933359e-02
   4.9801043e-02
   4.8252231e-02
   4.6547753e-02
   4.4749397e-02
   4.3212998e-02
   4.0089033e-02
   3.8130280e-02
   3.6609670e-02
   3.5571837e-02
   3.3496215e-02
   3.0029782e-02
   3.0388462e-02
   2.8086957e-02
   2.6689496e-02
   2.5177836e-02
   2.3952553e-02
   2.0543052e-02
   1.9905580e-02
   2.0571840e-02
   1.8675126e-02
   1.7108936e-02
   1.7853878e-02
   1.7225923e-02
   1.5500921e-02
   1.5443395e-02
   1.5983788e-02
   1.3606630e-02
   1.3116482e-02
   1.3192042e-02
   1.2574827e-02
   1.1707905e-02
   1.0823324e-02
   9.1133086e-03
   9.2202773e-03
   1.5282808e+02
   1.6800731e+00
   8.3401114e-01
   5.6122907e-01
   4.3590961e-01
   3.3802980e-01
   2.7128162e-01
   2.2182928e-01
   1.8425304e-01
   1.5701483e-01
   1.3800094e-01
   1.1891506e-01
   1.0468078e-01
   9.3836262e-02
   8.3720528e-02
   7.6607505e-02
   7.1575162e-02
   6.6539729e-02
   6.3321558e-02
   5.8556943e-02
   5.5885511e-02
   5.3933359e-02
   4.9801043e-02
   4.8252231e-02
   4.6547753e-02
   4.4749397e-02
   4.3212998e-02
   4.0089033e-02
   3.8130280e-02
   3.6609670e-02
   3.5571837e-02
   3.3496215e-02
   3.0029782e-02
   3.0388462e-02
   2.8086957e-02
   2.6689496e-02
   2.5177836e-02
   2.3952553e-02
   2.0543052e-02
   1.9905580e-02
   2.0571840e-02
   1.8675126e-02
   1.7108936e-02
   1.7853878e-02
   1.7225923e-02
   1.5500921e-02
   1.5443395e-02
   1.5983788e-02
   1.3606630e-02
   1.3116482e-02
   1.3192042e-02
   1.2574827e-02
   1.1707905e-02
   1.0823324e-02
   9.1133086e-03
   9.2202773e-03
   1.5282808e+02
   1.6800731e+00
   8.3401114e-01
   5.6122907e-01
   4.3590961e-01
   3.3802980e-01
   2.7128162e-01
   2.2182928e-01
   1.8425304e-01
   1.5701483e-01
   1.3800094e-01
   1.1891506e-01
   1.0468078e-01
   9.3836262e-02
   8.3720528e-02
   7.6607505e-02
   7.1575162e-02
   6.6539729e-02
   6.3321558e-02
   5.8556943e-02
   5.5885511e-02
   5.3933359e-02
   4.9801043e-02
   4.8252231e-02
   4.6547753e-02
   4.4749397e-02
   4.3212998e-02
   4.0089033e-02
   3.8130280e-02
   3.6609670e-02
   3.5571837e-02
   3.3496215e-02
   3.0029782e-02
   3.0388462e-02
   2.8086957e-02
   2.6689496e-02
   2.5177836e-02
   2.3952553e-02
   2.0543052e-02
   1.9905580e-02
   2.0571840e-02
   1.8675126e-02
   1.7108936e-02
   1.7853878e-02
   1.7225923e-02
   1.5500921e-02
   1.5443395e-02
   1.5983788e-02
   1.3606630e-02
   1.3116482e-02
   1.3192042e-02
   1.2574827e-02
   1.1707905e-02
   1.0823324e-02
   9.1133086e-03
   9.2202773e-03
   1.5060213e+02
   7.2767334e-01
   1.8518040e-01
   9.8903301e-02
   7.2302191e-02
   5.4586257e-02
   4.3575577e-02
   3.7054211e-02
   3.3161860e-02
   2.7496891e-02
   2.3591605e-02
   2.1895465e-02
   1.8216501e-02
   1.6516031e-02
   1.4441301e-02
   1.3392014e-02
   1.2521634e-02
   1.3032572e-02
   1.2760847e-02
   1.1983007e-02
   1.1723596e-02
   9.9759191e-03
   1.0227229e-02
   1.0254663e-02
   9.6019889e-03
   8.5710344e-03
   8.6698309e-03
   8.5986587e-03
   8.1186975e-03
   7.6976302e-03
   7.1525006e-03
   6.9514578e-03
   7.5554429e-03
   5.9586821e-03
   5.9745888e-03
   5.6664148e-03
   4.7105859e-03
   5.2134918e-03
   5.8387983e-03
   5.0719171e-03
   4.5414754e-03
   4.7733440e-03
   4.4209705e-03
   4.1507828e-03
   3.8561157e-03
   3.7387534e-03
   3.4264367e-03
   3.3010802e-03
   3.3214376e-03
   3.3782531e-03
   3.2299111e-03
   2.9965957e-03
   3.1039390e-03
   2.8057818e-03
   2.4014013e-03
   2.4155535e-03
   1.4991386e+02
   9.1244619e-01
   3.3755570e-01
   1.9709084e-01
   1.4280964e-01
   1.0415269e-01
   8.1606851e-02
   6.3306402e-02
   5.1297522e-02
   4.1843352e-02
   3.7921498e-02
   3.1644248e-02
   2.7335817e-02
   2.3196212e-02
   2.1477655e-02
   1.9137736e-02
   1.7920948e-02
   1.5864672e-02
   1.5003949e-02
   1.4532747e-02
   1.4216641e-02
   1.3264784e-02
   1.2930939e-02
   1.2901547e-02
   1.1654758e-02
   1.1558251e-02
   1.1569711e-02
   1.0833413e-02
   1.0009428e-02
   1.0180570e-02
   9.7791670e-03
   9.9738431e-03
   8.3136707e-03
   9.0224147e-03
   8.7182735e-03
   8.5855523e-03
   8.8424553e-03
   7.6484331e-03
   7.3045945e-03
   7.8449011e-03
   6.5658636e-03
   6.5673620e-03
   6.2335695e-03
   6.5492848e-03
   6.4226910e-03
   6.0043176e-03
   5.5452964e-03
   5.5022072e-03
   5.4941536e-03
   5.1520097e-03
   5.4644714e-03
   5.4313305e-03
   5.3309553e-03
   4.8440932e-03
   5.1994039e-03
   5.2192031e-03
