   6.9977343e+01
   3.3700798e+01
   1.4080684e+01
   8.4652329e+00
   5.9804279e+00
   4.6509825e+00
   3.6869412e+00
   2.9799041e+00
   2.5100921e+00
   2.1561797e+00
   1.8614349e+00
   1.6363158e+00
   1.4594420e+00
   1.2930479e+00
   1.1609329e+00
   1.0450622e+00
   9.4098946e-01
   8.3433361e-01
   7.7240426e-01
   6.8196187e-01
   6.4411704e-01
   5.7322881e-01
   5.1656788e-01
   4.7985829e-01
   4.4561601e-01
   4.0764676e-01
   3.7685003e-01
   3.5180036e-01
   3.2029585e-01
   2.9238265e-01
   2.7704940e-01
   2.5355881e-01
   2.3539966e-01
   2.2465549e-01
   2.0394068e-01
   1.9396547e-01
   1.7498353e-01
   1.7165612e-01
   1.5315996e-01
   1.4079173e-01
   1.3330165e-01
   1.2706239e-01
   1.1653174e-01
   1.1337571e-01
   1.0286441e-01
   1.0219716e-01
   8.7208374e-02
   8.7561941e-02
   8.2623188e-02
   7.5374171e-02
   7.4361536e-02
   6.9500090e-02
   6.7559187e-02
   5.8264536e-02
   5.5217332e-02
   5.0775032e-02
   7.0041054e+01
   3.3790628e+01
   1.5456338e+01
   9.6175357e+00
   6.9601617e+00
   5.3476770e+00
   4.2059141e+00
   3.3678645e+00
   2.8709987e+00
   2.4527430e+00
   2.1065607e+00
   1.7969690e+00
   1.6454187e+00
   1.4578242e+00
   1.3083108e+00
   1.1671641e+00
   1.0536372e+00
   9.4733376e-01
   8.7054070e-01
   7.8827461e-01
   7.4124590e-01
   6.5885761e-01
   5.9749587e-01
   5.5347122e-01
   5.1612403e-01
   4.7598513e-01
   4.4212051e-01
   4.1121226e-01
   3.6811581e-01
   3.5100703e-01
   3.3244870e-01
   2.9539183e-01
   2.8159216e-01
   2.6607194e-01
   2.4149769e-01
   2.2161598e-01
   2.0926044e-01
   2.0035388e-01
   1.8317299e-01
   1.7371200e-01
   1.6190939e-01
   1.5110811e-01
   1.3948955e-01
   1.3469023e-01
   1.2830644e-01
   1.1430705e-01
   1.0924516e-01
   1.0090675e-01
   9.8930770e-02
   8.8183477e-02
   8.3937509e-02
   7.9151296e-02
   7.8307959e-02
   7.3117922e-02
   6.7257107e-02
   7.0334299e-02
   7.0331924e+01
   2.5314829e+01
   1.1630536e+01
   7.6869883e+00
   5.4186456e+00
   4.2820596e+00
   3.4094723e+00
   2.8637475e+00
   2.4004269e+00
   2.0652766e+00
   1.8097101e+00
   1.5774194e+00
   1.3355220e+00
   1.2388973e+00
   1.0874079e+00
   9.7463938e-01
   8.8855233e-01
   7.9432781e-01
   7.1807953e-01
   6.5269721e-01
   6.0169528e-01
   5.3925318e-01
   5.1098886e-01
   4.7335657e-01
   4.2928189e-01
   3.9314833e-01
   3.6228579e-01
   3.3818386e-01
   3.0693862e-01
   2.8098757e-01
   2.6270459e-01
   2.4921640e-01
   2.3280392e-01
   2.1627091e-01
   2.0483293e-01
   1.7785391e-01
   1.7548526e-01
   1.6806231e-01
   1.5342250e-01
   1.3510227e-01
   1.3035531e-01
   1.2342120e-01
   1.1075236e-01
   1.0812018e-01
   1.0185039e-01
   9.8529064e-02
   8.5464957e-02
   7.8861484e-02
   8.0325829e-02
   6.9366912e-02
   6.5778547e-02
   6.0812914e-02
   5.6388264e-02
   5.6542407e-02
   6.2153660e-02
   5.3358885e-02
   6.9473721e+01
   2.2238789e+01
   1.0366933e+01
   6.8323306e+00
   4.8965416e+00
   3.9029957e+00
   3.1460816e+00
   2.6435147e+00
   2.2429014e+00
   1.9135282e+00
   1.6676022e+00
   1.4884365e+00
   1.2578487e+00
   1.1678250e+00
   1.0398128e+00
   9.3620874e-01
   8.4797011e-01
   7.5769311e-01
   6.9539285e-01
   6.3326176e-01
   5.8212150e-01
   5.2828836e-01
   4.9864048e-01
   4.6206223e-01
   4.2346000e-01
   3.8737073e-01
   3.6694065e-01
   3.3757901e-01
   3.1363242e-01
   2.8643147e-01
   2.6540737e-01
   2.5961933e-01
   2.3727528e-01
   2.2035838e-01
   2.0642202e-01
   1.9201618e-01
   1.7875682e-01
   1.6376253e-01
   1.5538087e-01
   1.4469919e-01
   1.3562733e-01
   1.2154857e-01
   1.1518874e-01
   1.0986039e-01
   9.9595776e-02
   9.1466869e-02
   8.9767596e-02
   8.2793357e-02
   7.9143916e-02
   6.9872574e-02
   6.6352984e-02
   6.7008587e-02
   5.8592849e-02
   5.2551944e-02
   4.2738981e-02
   4.2135699e-02
   6.9330752e+01
   1.8409057e+01
   8.5740005e+00
   5.7892726e+00
   4.1018008e+00
   3.2355678e+00
   2.6669399e+00
   2.2841947e+00
   1.9074246e+00
   1.6270841e+00
   1.4318907e+00
   1.3333949e+00
   1.0607205e+00
   9.9621555e-01
   8.8168154e-01
   8.0686466e-01
   7.3181269e-01
   6.5848659e-01
   6.0545016e-01
   5.5582443e-01
   4.9431215e-01
   4.6452294e-01
   4.4920728e-01
   4.1016717e-01
   3.6838196e-01
   3.3259317e-01
   3.2197079e-01
   2.8762635e-01
   2.8028838e-01
   2.5340052e-01
   2.2006628e-01
   2.2993869e-01
   2.0566527e-01
   1.9038055e-01
   1.8179440e-01
   1.6515070e-01
   1.5949984e-01
   1.4515703e-01
   1.3648048e-01
   1.2357700e-01
   1.2414520e-01
   1.1294680e-01
   9.9047029e-02
   1.0008359e-01
   9.2231417e-02
   9.1877951e-02
   8.4438776e-02
   8.2363024e-02
   7.0822872e-02
   7.4848689e-02
   7.5557626e-02
   6.2342541e-02
   6.6149092e-02
   5.7588457e-02
   5.1256522e-02
   4.7886837e-02
   7.0440901e+01
   2.0779159e+01
   9.5631596e+00
   6.2293506e+00
   4.4823733e+00
   3.5838942e+00
   2.9011421e+00
   2.4146342e+00
   2.0359172e+00
   1.7424998e+00
   1.5178172e+00
   1.3456125e+00
   1.1835490e+00
   1.0571665e+00
   9.4705149e-01
   8.5723830e-01
   7.7326613e-01
   7.0752506e-01
   6.3849589e-01
   5.8353263e-01
   5.2942608e-01
   4.8830973e-01
   4.5630585e-01
   4.2079266e-01
   3.8940599e-01
   3.5669112e-01
   3.3051697e-01
   3.0626474e-01
   2.8339636e-01
   2.5938025e-01
   2.4737393e-01
   2.3554172e-01
   2.1541077e-01
   1.9845322e-01
   1.8413481e-01
   1.7943105e-01
   1.6726116e-01
   1.5705608e-01
   1.4682762e-01
   1.3515059e-01
   1.2696937e-01
   1.1769306e-01
   1.1411329e-01
   1.0139914e-01
   9.4650258e-02
   9.4488505e-02
   8.4555517e-02
   8.1043378e-02
   7.6997293e-02
   7.6461170e-02
   7.2025465e-02
   6.9975243e-02
   6.7322237e-02
   5.7852062e-02
   6.1076378e-02
   5.2942858e-02
   6.9456150e+01
   2.0228573e+01
   9.3799842e+00
   6.0418109e+00
   4.3087233e+00
   3.3650556e+00
   2.6615616e+00
   2.2054244e+00
   1.8678172e+00
   1.5869093e+00
   1.3721755e+00
   1.1928876e+00
   1.0453780e+00
   9.4663525e-01
   8.4176167e-01
   7.5319653e-01
   6.8135204e-01
   6.1394639e-01
   5.5817239e-01
   5.0575598e-01
   4.6456124e-01
   4.2134445e-01
   3.9173721e-01
   3.6504849e-01
   3.3639054e-01
   3.0791388e-01
   2.8395506e-01
   2.6577060e-01
   2.3748733e-01
   2.2272233e-01
   2.0918415e-01
   1.9483964e-01
   1.8062373e-01
   1.6598806e-01
   1.5791407e-01
   1.4542891e-01
   1.3598366e-01
   1.2574346e-01
   1.1531259e-01
   1.0961650e-01
   1.0232883e-01
   9.6411565e-02
   9.4977112e-02
   8.6925633e-02
   8.2717850e-02
   7.1685127e-02
   7.3014133e-02
   6.8080543e-02
   6.5008432e-02
   5.4548495e-02
   5.2011990e-02
   5.7055003e-02
   4.5726377e-02
   4.4487400e-02
   4.1997636e-02
   4.0322298e-02
   6.8363785e+01
   2.9276899e+01
   1.3633286e+01
   8.5784408e+00
   6.2026838e+00
   4.7768188e+00
   3.7626366e+00
   3.0413271e+00
   2.5792722e+00
   2.1959106e+00
   1.8801481e+00
   1.6067231e+00
   1.4186582e+00
   1.2815857e+00
   1.1334716e+00
   1.0144653e+00
   9.0773307e-01
   8.2218322e-01
   7.4292593e-01
   6.7626035e-01
   6.2618703e-01
   5.6087844e-01
   5.1447533e-01
   4.7828460e-01
   4.4326012e-01
   4.0833122e-01
   3.7396166e-01
   3.5138227e-01
   3.1622061e-01
   2.9530330e-01
   2.8008359e-01
   2.4953858e-01
   2.3835183e-01
   2.2335249e-01
   2.0742184e-01
   1.9392637e-01
   1.8095545e-01
   1.7089074e-01
   1.6001435e-01
   1.4981886e-01
   1.3775325e-01
   1.2893110e-01
   1.2087599e-01
   1.1384371e-01
   1.0589794e-01
   1.0021307e-01
   9.8190285e-02
   8.9128055e-02
   8.3507684e-02
   7.5536020e-02
   6.9679095e-02
   7.1119119e-02
   6.7822722e-02
   6.3977485e-02
   5.9316924e-02
   5.5594784e-02
   6.8739241e+01
   3.0213202e+01
   1.3950573e+01
   8.8477631e+00
   6.4184111e+00
   4.9191099e+00
   3.9220412e+00
   3.1889966e+00
   2.6694351e+00
   2.2623213e+00
   1.9552229e+00
   1.6977462e+00
   1.5048020e+00
   1.3242261e+00
   1.1873122e+00
   1.0651015e+00
   9.5859668e-01
   8.6538539e-01
   7.9529238e-01
   7.2561581e-01
   6.5424333e-01
   6.0290571e-01
   5.5839582e-01
   5.0766322e-01
   4.7144685e-01
   4.3397504e-01
   3.9889200e-01
   3.6817611e-01
   3.4958393e-01
   3.2593585e-01
   2.9756919e-01
   2.7845967e-01
   2.5941449e-01
   2.3986037e-01
   2.2325020e-01
   2.1097355e-01
   1.9533933e-01
   1.8363586e-01
   1.7186626e-01
   1.6270633e-01
   1.5201358e-01
   1.4378648e-01
   1.3637839e-01
   1.2691081e-01
   1.1813044e-01
   1.1355831e-01
   1.0841411e-01
   9.7360621e-02
   9.5182675e-02
   8.6612320e-02
   8.0439635e-02
   7.5311161e-02
   6.8715800e-02
   6.6056223e-02
   6.3993733e-02
   6.0756816e-02
   6.8924720e+01
   3.1524993e+01
   1.3463624e+01
   8.3930947e+00
   5.9254827e+00
   4.4909906e+00
   3.5440948e+00
   2.8878262e+00
   2.4143459e+00
   2.0549830e+00
   1.7693475e+00
   1.5395809e+00
   1.3520746e+00
   1.1991939e+00
   1.0789836e+00
   9.6695048e-01
   8.7149293e-01
   7.8709978e-01
   7.1145424e-01
   6.5114384e-01
   5.9884388e-01
   5.4774830e-01
   5.0361265e-01
   4.6304472e-01
   4.2856844e-01
   3.9907328e-01
   3.7010522e-01
   3.4254323e-01
   3.2068303e-01
   2.9761604e-01
   2.7975601e-01
   2.5824285e-01
   2.4358977e-01
   2.2749376e-01
   2.1174266e-01
   1.9738720e-01
   1.8466490e-01
   1.7124326e-01
   1.6128129e-01
   1.4984220e-01
   1.4042308e-01
   1.3034003e-01
   1.1997786e-01
   1.1614126e-01
   1.0929306e-01
   9.9293012e-02
   9.8212653e-02
   8.8986200e-02
   8.5879452e-02
   7.7428182e-02
   7.3210607e-02
   6.8021537e-02
   6.2838745e-02
   5.5243405e-02
   5.2128603e-02
   4.7005743e-02
   6.8158610e+01
   3.7170481e+01
   1.6605782e+01
   1.0286753e+01
   7.1142101e+00
   5.4623625e+00
   4.2397697e+00
   3.3862927e+00
   2.8055285e+00
   2.3478777e+00
   1.9938036e+00
   1.7073231e+00
   1.4818776e+00
   1.3047045e+00
   1.1579105e+00
   1.0249348e+00
   9.1538726e-01
   8.2542608e-01
   7.4460339e-01
   6.6932258e-01
   6.0997095e-01
   5.5675333e-01
   5.0285839e-01
   4.6433705e-01
   4.3598666e-01
   3.9515341e-01
   3.6523549e-01
   3.3783530e-01
   3.1043466e-01
   2.9620120e-01
   2.7276619e-01
   2.4821784e-01
   2.3089632e-01
   2.1457299e-01
   2.0471224e-01
   1.9133699e-01
   1.7539708e-01
   1.6696254e-01
   1.5733785e-01
   1.4425030e-01
   1.3535653e-01
   1.2999198e-01
   1.2011695e-01
   1.1128886e-01
   1.0477992e-01
   1.0412589e-01
   9.5810833e-02
   8.5589965e-02
   8.4151123e-02
   7.9917677e-02
   7.2208555e-02
   6.6310978e-02
   6.4443358e-02
   6.3901153e-02
   5.8160322e-02
   5.5076973e-02
   6.9454449e+01
   1.1680945e+01
   5.1414889e+00
   3.2444245e+00
   2.3281352e+00
   1.7590255e+00
   1.3997786e+00
   1.1426555e+00
   9.5814038e-01
   8.1838212e-01
   7.0842742e-01
   6.2558100e-01
   5.4607983e-01
   4.8482486e-01
   4.3294491e-01
   3.8741581e-01
   3.5311558e-01
   3.2118978e-01
   2.8802781e-01
   2.6431103e-01
   2.4213387e-01
   2.2205438e-01
   2.0458397e-01
   1.9529746e-01
   1.7963462e-01
   1.6163690e-01
   1.5484218e-01
   1.4425641e-01
   1.3470403e-01
   1.2166815e-01
   1.1242315e-01
   1.0661381e-01
   9.9641671e-02
   9.5374336e-02
   8.8141140e-02
   7.8918651e-02
   7.1717503e-02
   7.4580145e-02
   6.8624126e-02
   5.9737376e-02
   5.9667693e-02
   5.6047776e-02
   4.8840568e-02
   4.4394160e-02
   4.3667861e-02
   4.5461316e-02
   3.6812036e-02
   3.6257656e-02
   3.6282001e-02
   2.9406505e-02
   3.0466488e-02
   2.8236633e-02
   2.4740328e-02
   2.4267835e-02
   2.1659610e-02
   1.9947033e-02
   7.0186966e+01
   5.3303968e+00
   2.2835233e+00
   1.4576568e+00
   9.9519323e-01
   8.2532044e-01
   6.4824831e-01
   5.4223939e-01
   4.5890783e-01
   3.9459841e-01
   3.3657233e-01
   2.9215080e-01
   2.4986259e-01
   2.4456170e-01
   2.0334777e-01
   1.8301682e-01
   1.6839287e-01
   1.4831839e-01
   1.3737790e-01
   1.2398675e-01
   1.1292214e-01
   1.0519199e-01
   9.6244177e-02
   9.3337971e-02
   7.9985815e-02
   7.5768992e-02
   7.0336197e-02
   6.2225272e-02
   6.3640677e-02
   5.1548453e-02
   4.8036463e-02
   4.7110569e-02
   4.0986101e-02
   4.2232231e-02
   3.5864617e-02
   3.4572264e-02
   3.2319641e-02
   3.1048571e-02
   2.8901634e-02
   2.7059907e-02
   2.5203447e-02
   2.2515394e-02
   2.1309357e-02
   2.0016984e-02
   2.0337877e-02
   1.7887882e-02
   1.7529194e-02
   1.5730301e-02
   1.2702852e-02
   1.1243181e-02
   1.2439931e-02
   1.1823941e-02
   9.4675373e-03
   1.0466006e-02
   9.4415206e-03
   7.7676906e-03
   6.9301310e+01
   7.4575926e+00
   3.1723725e+00
   2.0353484e+00
   1.3823644e+00
   1.0761261e+00
   8.7544891e-01
   7.0520960e-01
   5.9216625e-01
   5.1102001e-01
   4.3244973e-01
   3.8104885e-01
   3.3150039e-01
   2.9483966e-01
   2.7545649e-01
   2.4646767e-01
   2.1704116e-01
   1.9859184e-01
   1.8945946e-01
   1.6967477e-01
   1.4808364e-01
   1.4189157e-01
   1.3036213e-01
   1.1855997e-01
   1.0632573e-01
   9.8537700e-02
   8.9501365e-02
   8.3583225e-02
   7.3888667e-02
   7.2180393e-02
   6.3493793e-02
   5.7351253e-02
   5.4722283e-02
   5.3533195e-02
   4.9006337e-02
   4.6200760e-02
   4.2291422e-02
   4.3393165e-02
   3.8396418e-02
   3.3530908e-02
   3.0979570e-02
   2.9626182e-02
   3.0851443e-02
   3.0920155e-02
   2.0683977e-02
   2.4363405e-02
   2.2926492e-02
   2.1115345e-02
   1.6572233e-02
   1.5553502e-02
   1.5508747e-02
   1.6461857e-02
   1.4228422e-02
   1.8656098e-02
   1.4648590e-02
   1.5428833e-02
   6.9197142e+01
   8.5504338e+00
   3.5363968e+00
   2.1545605e+00
   1.4794816e+00
   1.1372691e+00
   8.8593263e-01
   7.3160200e-01
   6.0507925e-01
   5.1545827e-01
   4.4051020e-01
   3.8290528e-01
   3.4426684e-01
   3.0785343e-01
   2.7209416e-01
   2.4433091e-01
   2.1857402e-01
   1.9683636e-01
   1.8318454e-01
   1.6193339e-01
   1.5318506e-01
   1.3662211e-01
   1.2142952e-01
   1.1657516e-01
   1.0773037e-01
   9.6377915e-02
   8.5743245e-02
   8.2269520e-02
   7.3882910e-02
   6.8278034e-02
   6.5926346e-02
   5.8642474e-02
   5.4373731e-02
   4.8822068e-02
   4.3031325e-02
   4.3389975e-02
   3.8156211e-02
   3.5267135e-02
   3.0705790e-02
   2.8933748e-02
   2.2978858e-02
   2.5902808e-02
   2.0247456e-02
   1.9037393e-02
   1.7688051e-02
   2.0111211e-02
   1.3873365e-02
   1.6050226e-02
   1.1805251e-02
   1.1284470e-02
   9.5342848e-03
   1.2286921e-02
   1.1791513e-02
   6.8502598e-03
   9.2428048e-03
   7.5984615e-03
   6.9240268e+01
   5.6535029e+00
   2.3784491e+00
   1.5227359e+00
   9.5190446e-01
   7.9882849e-01
   6.3186083e-01
   5.2467715e-01
   4.4459570e-01
   3.8209258e-01
   3.3537037e-01
   2.9392138e-01
   2.5065976e-01
   2.3440289e-01
   2.0805860e-01
   1.9059032e-01
   1.6785791e-01
   1.5352065e-01
   1.3498885e-01
   1.2926376e-01
   1.1782266e-01
   1.1308126e-01
   1.0143884e-01
   8.8719080e-02
   8.7954306e-02
   7.8918074e-02
   7.1425354e-02
   6.5182141e-02
   6.0972142e-02
   5.9882632e-02
   5.1489070e-02
   5.0489292e-02
   4.6142466e-02
   4.0567435e-02
   3.7420581e-02
   3.8682995e-02
   3.1273816e-02
   3.2279346e-02
   2.7479975e-02
   2.3769535e-02
   2.5917008e-02
   1.9847576e-02
   2.1977188e-02
   2.0651201e-02
   2.1400330e-02
   1.7322713e-02
   1.8083605e-02
   1.6511495e-02
   1.1208485e-02
   1.0058531e-02
   1.0040276e-02
   1.3067065e-02
   1.0443090e-02
   9.7172132e-03
   8.0433032e-03
   8.7314848e-03
   6.9376720e+01
   1.7463149e+01
   6.5678203e+00
   3.8511402e+00
   2.5080966e+00
   1.8849397e+00
   1.4505036e+00
   1.1467132e+00
   9.3732904e-01
   7.8563245e-01
   6.6972046e-01
   5.8197952e-01
   4.9812340e-01
   4.4439393e-01
   3.9189615e-01
   3.4653778e-01
   3.1858372e-01
   2.8306272e-01
   2.6311658e-01
   2.3497519e-01
   2.2095964e-01
   1.9861447e-01
   1.7833876e-01
   1.6849989e-01
   1.5633168e-01
   1.4732827e-01
   1.2897115e-01
   1.2063074e-01
   1.1161441e-01
   1.0563051e-01
   9.5870991e-02
   9.0648859e-02
   8.3995063e-02
   7.6752321e-02
   6.9764738e-02
   6.9028361e-02
   5.5000821e-02
   5.9075443e-02
   4.8875446e-02
   4.5477874e-02
   4.2512091e-02
   3.5471656e-02
   3.4783474e-02
   3.3219923e-02
   2.8988716e-02
   2.7517708e-02
   2.8138179e-02
   2.4108396e-02
   2.3395381e-02
   2.3034279e-02
   1.8422018e-02
   2.0652379e-02
   1.5840244e-02
   1.2907911e-02
   1.2443584e-02
   1.2672481e-02
   6.7994301e+01
   3.1623842e+01
   1.2249948e+01
   7.1001600e+00
   4.7888837e+00
   3.5687578e+00
   2.7230445e+00
   2.1535436e+00
   1.7577734e+00
   1.4640418e+00
   1.2352117e+00
   1.0579077e+00
   9.1229010e-01
   8.0335437e-01
   7.1485657e-01
   6.3367065e-01
   5.6391659e-01
   5.0685945e-01
   4.6005153e-01
   4.1536820e-01
   3.8517322e-01
   3.4668943e-01
   3.1966919e-01
   2.9194900e-01
   2.7543013e-01
   2.4774841e-01
   2.3414064e-01
   2.1867278e-01
   2.0193000e-01
   1.8208734e-01
   1.7360968e-01
   1.6228397e-01
   1.4956832e-01
   1.3704391e-01
   1.2675700e-01
   1.1621211e-01
   1.1016510e-01
   1.0172489e-01
   9.1804657e-02
   8.0700306e-02
   7.6207639e-02
   7.3378599e-02
   6.7868704e-02
   5.9773869e-02
   5.6041084e-02
   5.3302102e-02
   4.8296776e-02
   4.0905922e-02
   4.0853479e-02
   3.5197549e-02
   3.3146359e-02
   3.5131961e-02
   2.8001546e-02
   2.4605406e-02
   2.4848134e-02
   2.1779009e-02
   6.9243465e+01
   1.5435507e+01
   6.1149856e+00
   3.6610926e+00
   2.4621772e+00
   1.9169802e+00
   1.5014559e+00
   1.2133365e+00
   1.0050052e+00
   8.5050387e-01
   7.3095410e-01
   6.4199862e-01
   5.7411512e-01
   5.1064501e-01
   4.5427572e-01
   4.0999480e-01
   3.7204004e-01
   3.3638484e-01
   3.1211423e-01
   2.8504456e-01
   2.5368072e-01
   2.3959279e-01
   2.1637699e-01
   2.0208860e-01
   1.8328122e-01
   1.7088497e-01
   1.5578569e-01
   1.4378238e-01
   1.3497457e-01
   1.2347012e-01
   1.1277497e-01
   1.0701990e-01
   9.6709928e-02
   8.9182849e-02
   8.5025756e-02
   7.5412723e-02
   7.2533433e-02
   6.7477171e-02
   6.1713418e-02
   5.7533989e-02
   5.1985959e-02
   4.7256708e-02
   4.4094621e-02
   4.1374433e-02
   3.6854786e-02
   3.5170289e-02
   3.0267049e-02
   2.8724861e-02
   2.8887163e-02
   2.5719001e-02
   2.4401581e-02
   2.2082229e-02
   2.2086889e-02
   1.9720246e-02
   2.1869166e-02
   1.9483179e-02
   6.8116301e+01
   3.2325467e+01
   1.3100616e+01
   7.7659016e+00
   5.3619676e+00
   3.9995862e+00
   3.1002608e+00
   2.4744917e+00
   2.0340438e+00
   1.7104262e+00
   1.4643171e+00
   1.2656477e+00
   1.1080458e+00
   9.8531033e-01
   8.8601670e-01
   7.9892264e-01
   7.1896502e-01
   6.5357036e-01
   5.9568305e-01
   5.4732186e-01
   4.9693234e-01
   4.5461256e-01
   4.1584413e-01
   3.8440480e-01
   3.5447449e-01
   3.2323737e-01
   2.9500720e-01
   2.7057708e-01
   2.4866535e-01
   2.2682638e-01
   2.0811730e-01
   1.8898512e-01
   1.7290692e-01
   1.5716998e-01
   1.4197936e-01
   1.3174378e-01
   1.1890195e-01
   1.0772492e-01
   9.7465884e-02
   8.7428149e-02
   8.1378586e-02
   7.3850341e-02
   6.3056786e-02
   6.0947543e-02
   5.5972189e-02
   5.0793796e-02
   4.7489306e-02
   4.4332298e-02
   3.9506024e-02
   3.3552484e-02
   2.8309961e-02
   3.1447644e-02
   2.5495819e-02
   2.6848143e-02
   2.1797091e-02
   2.0921173e-02
   6.8449868e+01
   2.3048717e+01
   9.4719909e+00
   5.7330419e+00
   3.8488862e+00
   2.9471964e+00
   2.2933725e+00
   1.8323312e+00
   1.5168528e+00
   1.2676797e+00
   1.0949199e+00
   9.4829511e-01
   8.3017980e-01
   7.3925261e-01
   6.6452434e-01
   6.0265303e-01
   5.3721413e-01
   4.8852035e-01
   4.5255679e-01
   4.0482787e-01
   3.7242832e-01
   3.4224043e-01
   3.1421402e-01
   2.8237819e-01
   2.5782188e-01
   2.3661288e-01
   2.1625691e-01
   1.9797161e-01
   1.7895368e-01
   1.6436015e-01
   1.4963593e-01
   1.3736977e-01
   1.2470851e-01
   1.1096907e-01
   1.0281675e-01
   9.2007983e-02
   8.2964018e-02
   8.0807544e-02
   7.3216263e-02
   6.2605286e-02
   5.5374156e-02
   5.2156106e-02
   4.8891144e-02
   4.3711876e-02
   3.8601753e-02
   3.4775276e-02
   3.2276966e-02
   2.8328471e-02
   2.4293463e-02
   2.3889263e-02
   2.2477748e-02
   1.9388919e-02
   1.8521158e-02
   1.6706323e-02
   1.7822773e-02
   1.7163071e-02
   6.9768129e+01
   1.2213594e+01
   5.3696575e+00
   3.4412198e+00
   2.4467433e+00
   1.9507779e+00
   1.5687895e+00
   1.2928129e+00
   1.0881712e+00
   9.3148778e-01
   8.1907640e-01
   7.2214330e-01
   6.2530799e-01
   5.5845313e-01
   5.0677921e-01
   4.5630470e-01
   4.1786466e-01
   3.8190892e-01
   3.4059130e-01
   3.1776304e-01
   2.8330872e-01
   2.6316300e-01
   2.4352599e-01
   2.2103552e-01
   2.0282185e-01
   1.8828407e-01
   1.7653252e-01
   1.6391199e-01
   1.4772744e-01
   1.3578533e-01
   1.2947120e-01
   1.2072183e-01
   1.0927663e-01
   9.7582793e-02
   9.2574932e-02
   8.2670352e-02
   7.8383653e-02
   7.3261820e-02
   6.7901438e-02
   6.4551563e-02
   5.8642840e-02
   5.1500258e-02
   4.8778012e-02
   4.6099693e-02
   4.0138048e-02
   3.8444818e-02
   3.8855200e-02
   3.0136372e-02
   2.7882225e-02
   2.7858767e-02
   2.5245430e-02
   2.1301030e-02
   2.1040148e-02
   2.3553165e-02
   1.9218718e-02
   1.8096137e-02
   7.0542834e+01
   5.0023940e+00
   2.3058351e+00
   1.5429870e+00
   1.1747012e+00
   9.2818608e-01
   7.6692764e-01
   6.4616380e-01
   5.5617056e-01
   4.9035934e-01
   4.2853362e-01
   3.8711529e-01
   3.4579448e-01
   3.0809312e-01
   2.8913709e-01
   2.6515178e-01
   2.3982525e-01
   2.1723455e-01
   1.9473699e-01
   1.8412045e-01
   1.6542534e-01
   1.5818562e-01
   1.4829083e-01
   1.3395461e-01
   1.2580552e-01
   1.1538523e-01
   1.0758106e-01
   1.0074979e-01
   9.1435313e-02
   8.7325247e-02
   8.0988527e-02
   7.9294877e-02
   7.0401219e-02
   6.2835494e-02
   6.1594061e-02
   5.7340821e-02
   5.3644589e-02
   4.7871224e-02
   4.8279666e-02
   4.4251837e-02
   4.2994537e-02
   3.9380251e-02
   3.8438214e-02
   3.6556787e-02
   3.2122602e-02
   3.2445146e-02
   3.0865817e-02
   2.5249584e-02
   2.4864014e-02
   2.5084754e-02
   2.2993294e-02
   1.8596209e-02
   2.1634226e-02
   1.7735659e-02
   1.8647571e-02
   1.5256054e-02
   6.9865370e+01
   1.2520791e+01
   4.9574965e+00
   3.0022069e+00
   2.0374242e+00
   1.5827338e+00
   1.2448493e+00
   9.8686592e-01
   8.1186901e-01
   6.9649741e-01
   5.9385433e-01
   5.2141183e-01
   4.7405451e-01
   4.1095952e-01
   3.7645789e-01
   3.3305731e-01
   3.0034259e-01
   2.7380589e-01
   2.4858929e-01
   2.3057731e-01
   2.1125562e-01
   1.9387983e-01
   1.7621529e-01
   1.6132982e-01
   1.5519097e-01
   1.4488979e-01
   1.2697970e-01
   1.2302621e-01
   1.0900026e-01
   1.0556527e-01
   9.4465982e-02
   8.4065558e-02
   8.1532449e-02
   7.8550461e-02
   6.9612321e-02
   6.6570191e-02
   5.8885871e-02
   5.7053306e-02
   5.3192307e-02
   4.7712339e-02
   4.4792811e-02
   3.9286921e-02
   3.8177181e-02
   3.5393846e-02
   3.3605117e-02
   3.1332631e-02
   2.7400426e-02
   2.7618582e-02
   2.6134899e-02
   2.2052727e-02
   2.1085764e-02
   1.8889022e-02
   1.8224831e-02
   1.6476077e-02
   1.6453711e-02
   1.6209146e-02
   6.8313575e+01
   3.3855356e+01
   1.3539989e+01
   7.9830742e+00
   5.4206622e+00
   4.0173037e+00
   3.1064413e+00
   2.4512626e+00
   1.9923455e+00
   1.6565972e+00
   1.4060876e+00
   1.2201623e+00
   1.0769157e+00
   9.2632684e-01
   8.2839746e-01
   7.4452593e-01
   6.6995153e-01
   6.0517804e-01
   5.4779736e-01
   5.0756050e-01
   4.6061849e-01
   4.2411633e-01
   3.8604760e-01
   3.5593292e-01
   3.3174444e-01
   3.0713891e-01
   2.7857300e-01
   2.5728233e-01
   2.3971428e-01
   2.1931020e-01
   2.0525616e-01
   1.8923879e-01
   1.7401506e-01
   1.5823138e-01
   1.4546490e-01
   1.3362760e-01
   1.2436151e-01
   1.1257558e-01
   1.0290304e-01
   9.0128367e-02
   8.7156989e-02
   7.9411097e-02
   7.3481501e-02
   6.5644661e-02
   5.7236532e-02
   5.4609981e-02
   4.7902754e-02
   4.3897321e-02
   3.7966767e-02
   3.5075692e-02
   3.5234872e-02
   3.1835732e-02
   2.8840967e-02
   2.5773441e-02
   2.1158092e-02
   2.1922641e-02
   6.8705871e+01
   3.4441343e+01
   1.4904242e+01
   9.4259034e+00
   6.8387764e+00
   5.3318831e+00
   4.2934948e+00
   3.5474504e+00
   3.0042276e+00
   2.6120739e+00
   2.2655743e+00
   2.0271708e+00
   1.8494975e+00
   1.6332195e+00
   1.5003262e+00
   1.3672038e+00
   1.2525295e+00
   1.1492320e+00
   1.0630565e+00
   9.8957522e-01
   9.1439119e-01
   8.5967008e-01
   7.9352216e-01
   7.3324686e-01
   6.9324139e-01
   6.4652434e-01
   6.0512502e-01
   5.7051577e-01
   5.3748276e-01
   5.0652568e-01
   4.7148789e-01
   4.4176620e-01
   4.1478225e-01
   3.9002741e-01
   3.6408493e-01
   3.4381313e-01
   3.2398794e-01
   3.0122325e-01
   2.8467974e-01
   2.6550002e-01
   2.4959159e-01
   2.3002217e-01
   2.1915186e-01
   2.0062007e-01
   1.8614973e-01
   1.7661141e-01
   1.6046607e-01
   1.4898231e-01
   1.4241289e-01
   1.3165950e-01
   1.2009189e-01
   1.0870570e-01
   1.0478428e-01
   9.5627412e-02
   9.0967843e-02
   8.2035352e-02
   6.9522770e+01
   2.5004490e+01
   9.7734155e+00
   5.8142735e+00
   3.9657343e+00
   3.0107263e+00
   2.3380548e+00
   1.8775355e+00
   1.5708796e+00
   1.3273554e+00
   1.1298151e+00
   9.7684895e-01
   8.5689336e-01
   7.7002507e-01
   6.8760166e-01
   6.1644088e-01
   5.5386752e-01
   5.0226690e-01
   4.6401323e-01
   4.2253165e-01
   3.9184012e-01
   3.5535316e-01
   3.2899125e-01
   3.0094962e-01
   2.7858377e-01
   2.5856649e-01
   2.4422025e-01
   2.2669026e-01
   2.0938540e-01
   1.9024300e-01
   1.7808293e-01
   1.6638314e-01
   1.5267182e-01
   1.4076181e-01
   1.3171227e-01
   1.1611583e-01
   1.1185810e-01
   1.0517584e-01
   9.2872670e-02
   8.5240670e-02
   7.9649326e-02
   7.2828150e-02
   6.8815610e-02
   6.5072118e-02
   5.8093310e-02
   4.9949681e-02
   4.7040838e-02
   4.3448330e-02
   4.3349688e-02
   3.6588023e-02
   3.3246353e-02
   3.3088688e-02
   3.0237835e-02
   2.8730265e-02
   2.5658655e-02
   2.1331241e-02
   6.8088235e+01
   4.7376873e+01
   1.8508590e+01
   1.0774094e+01
   7.2351502e+00
   5.3607603e+00
   4.0728370e+00
   3.2388904e+00
   2.6481432e+00
   2.1951495e+00
   1.8670093e+00
   1.5939625e+00
   1.3422015e+00
   1.2137011e+00
   1.0650454e+00
   9.4786100e-01
   8.5381055e-01
   7.6898833e-01
   6.9329863e-01
   6.3755170e-01
   5.7945015e-01
   5.3769806e-01
   4.9400910e-01
   4.5925481e-01
   4.1460215e-01
   3.8471332e-01
   3.5314893e-01
   3.2235513e-01
   3.0209837e-01
   2.7857604e-01
   2.5556937e-01
   2.4225891e-01
   2.2281673e-01
   1.9976173e-01
   1.8565651e-01
   1.6750203e-01
   1.5587390e-01
   1.4154995e-01
   1.3382949e-01
   1.2050095e-01
   1.0948258e-01
   9.8435249e-02
   8.7666648e-02
   7.9950664e-02
   7.4908209e-02
   6.8137929e-02
   6.1427123e-02
   5.8260373e-02
   4.9553228e-02
   4.7476456e-02
   4.2199943e-02
   3.7482984e-02
   3.6218041e-02
   3.1875896e-02
   2.8176098e-02
   2.8152174e-02
   6.3927862e+01
   4.2132109e+01
   1.6677187e+01
   9.7060586e+00
   6.5511526e+00
   4.8584082e+00
   3.7009081e+00
   2.9358592e+00
   2.3857952e+00
   1.9916087e+00
   1.6747934e+00
   1.4394054e+00
   1.2551249e+00
   1.1003185e+00
   9.7701834e-01
   8.7352560e-01
   7.7887676e-01
   7.0191158e-01
   6.3693804e-01
   5.8486851e-01
   5.3246163e-01
   4.8567210e-01
   4.5020047e-01
   4.0551661e-01
   3.7562751e-01
   3.5040542e-01
   3.2195543e-01
   2.9304769e-01
   2.7165031e-01
   2.5177354e-01
   2.2941999e-01
   2.1301076e-01
   1.9493110e-01
   1.7716118e-01
   1.6327980e-01
   1.4857032e-01
   1.3864088e-01
   1.2287155e-01
   1.1481230e-01
   1.0284283e-01
   9.0690136e-02
   8.4357721e-02
   7.5551918e-02
   6.9477380e-02
   6.2713691e-02
   5.6887828e-02
   4.6254525e-02
   4.4382783e-02
   3.9301541e-02
   3.8140405e-02
   3.4533711e-02
   2.8821798e-02
   2.8859508e-02
   2.4370471e-02
   1.6540626e-02
   1.8724660e-02
   6.7952313e+01
   3.0468608e+01
   1.2315621e+01
   7.3514298e+00
   4.9242968e+00
   3.7587103e+00
   2.9014228e+00
   2.3324468e+00
   1.9229499e+00
   1.6219945e+00
   1.3758551e+00
   1.1812658e+00
   1.0500465e+00
   9.2682888e-01
   8.2386545e-01
   7.4116283e-01
   6.6365588e-01
   5.9807962e-01
   5.5158160e-01
   5.1150083e-01
   4.6342948e-01
   4.2180538e-01
   3.8824831e-01
   3.5020918e-01
   3.2709645e-01
   3.0268772e-01
   2.7981784e-01
   2.5624227e-01
   2.3277171e-01
   2.1445866e-01
   1.9657724e-01
   1.8077708e-01
   1.6641300e-01
   1.5363124e-01
   1.3763503e-01
   1.2493864e-01
   1.1720146e-01
   1.0464802e-01
   9.5647274e-02
   8.4845102e-02
   7.6093714e-02
   7.1692067e-02
   6.4646605e-02
   5.8831455e-02
   5.4260412e-02
   4.7952964e-02
   4.1502530e-02
   3.7542907e-02
   3.5614615e-02
   3.0960227e-02
   2.9145464e-02
   2.4456970e-02
   2.2634097e-02
   2.0602072e-02
   1.9487172e-02
   1.6541714e-02
   7.0031695e+01
   1.9828607e+01
   8.1460118e+00
   4.8866798e+00
   3.3946732e+00
   2.6364712e+00
   2.0719019e+00
   1.6877284e+00
   1.4169246e+00
   1.2009059e+00
   1.0463740e+00
   9.0404946e-01
   8.0477845e-01
   7.1214868e-01
   6.4366100e-01
   5.7585247e-01
   5.2701839e-01
   4.7717850e-01
   4.2659418e-01
   3.9175985e-01
   3.5600641e-01
   3.3315892e-01
   3.1088618e-01
   2.8236148e-01
   2.6130551e-01
   2.4236262e-01
   2.2357974e-01
   2.0790440e-01
   1.9626728e-01
   1.8329481e-01
   1.7250508e-01
   1.5913895e-01
   1.4583291e-01
   1.3237262e-01
   1.2564804e-01
   1.2294519e-01
   1.1267147e-01
   1.0105899e-01
   1.0299641e-01
   8.9074296e-02
   8.9949586e-02
   7.6855503e-02
   8.1288151e-02
   7.0861420e-02
   6.8560835e-02
   6.8562305e-02
   6.2103773e-02
   5.3647493e-02
   4.9320516e-02
   4.7436113e-02
   4.7629878e-02
   4.3589831e-02
   3.8004635e-02
   3.7615556e-02
   3.9094635e-02
   3.8423181e-02
   6.9921284e+01
   2.9909754e+01
   1.4395557e+01
   9.5847754e+00
   7.1455004e+00
   5.7424733e+00
   4.7068737e+00
   3.9662827e+00
   3.4023323e+00
   2.9747233e+00
   2.6087903e+00
   2.3182230e+00
   2.0811016e+00
   1.8804057e+00
   1.7108638e+00
   1.5632135e+00
   1.4216411e+00
   1.2984262e+00
   1.1932109e+00
   1.1123698e+00
   1.0340921e+00
   9.5068773e-01
   8.7409362e-01
   8.1446025e-01
   7.6262313e-01
   7.1226920e-01
   6.6203640e-01
   6.2029819e-01
   5.8269703e-01
   5.4318023e-01
   5.0761269e-01
   4.7992775e-01
   4.5591177e-01
   4.2897089e-01
   3.9835875e-01
   3.7319635e-01
   3.5577901e-01
   3.3259375e-01
   3.1027167e-01
   2.9782817e-01
   2.7446132e-01
   2.6263936e-01
   2.4440621e-01
   2.3352707e-01
   2.1954142e-01
   2.0078378e-01
   1.9216256e-01
   1.8206537e-01
   1.7271125e-01
   1.5793147e-01
   1.5161594e-01
   1.3789986e-01
   1.3270109e-01
   1.2280379e-01
   1.1140904e-01
   1.0543112e-01
   6.9528591e+01
   3.1543299e+01
   1.4066579e+01
   9.1200200e+00
   6.6347570e+00
   5.2853538e+00
   4.3104455e+00
   3.6132587e+00
   3.0882826e+00
   2.6846327e+00
   2.3717909e+00
   2.1070112e+00
   1.8820967e+00
   1.6959668e+00
   1.5500564e+00
   1.4116805e+00
   1.2931287e+00
   1.1820999e+00
   1.0794525e+00
   1.0054438e+00
   9.2829533e-01
   8.6665883e-01
   8.0215182e-01
   7.4530568e-01
   6.9166786e-01
   6.4910717e-01
   6.0745602e-01
   5.6759552e-01
   5.3082532e-01
   4.9786816e-01
   4.6969136e-01
   4.4270286e-01
   4.1570720e-01
   3.8962077e-01
   3.6700118e-01
   3.4626549e-01
   3.2919703e-01
   3.0644971e-01
   2.9158205e-01
   2.6950361e-01
   2.5744304e-01
   2.4066559e-01
   2.2789800e-01
   2.1381010e-01
   2.0174842e-01
   1.9059993e-01
   1.7660050e-01
   1.6545750e-01
   1.5771518e-01
   1.4941386e-01
   1.4064877e-01
   1.3150471e-01
   1.2359142e-01
   1.1313872e-01
   1.0747408e-01
   1.0256478e-01
   6.9792408e+01
   1.5811852e+01
   6.8855530e+00
   4.2753830e+00
   3.0732944e+00
   2.3875251e+00
   1.9110543e+00
   1.5753182e+00
   1.3391916e+00
   1.1469765e+00
   1.0030008e+00
   8.8724753e-01
   7.7715547e-01
   7.0195087e-01
   6.3925864e-01
   5.7690051e-01
   5.2237022e-01
   4.7959835e-01
   4.4275904e-01
   4.0399757e-01
   3.6972639e-01
   3.4039690e-01
   3.1906513e-01
   2.9562980e-01
   2.7549136e-01
   2.5621882e-01
   2.3791355e-01
   2.2144779e-01
   2.0895343e-01
   1.9453757e-01
   1.8232138e-01
   1.6701630e-01
   1.5839772e-01
   1.4955579e-01
   1.4019705e-01
   1.3584271e-01
   1.2491637e-01
   1.2169682e-01
   1.1534447e-01
   1.1201926e-01
   1.0262595e-01
   1.0026371e-01
   9.2738865e-02
   8.6512260e-02
   8.0694419e-02
   7.5243940e-02
   7.0805052e-02
   6.6931572e-02
   6.2057499e-02
   5.8520113e-02
   5.5704381e-02
   5.2085980e-02
   4.9490200e-02
   4.9218366e-02
   4.7409647e-02
   4.2376525e-02
   7.0251471e+01
   9.8211445e+00
   4.2007501e+00
   2.5854255e+00
   1.7939213e+00
   1.3608585e+00
   1.0699953e+00
   8.5942421e-01
   7.0596953e-01
   5.9594449e-01
   5.0907620e-01
   4.4970123e-01
   4.0007048e-01
   3.3903227e-01
   3.0139651e-01
   2.7636747e-01
   2.4956699e-01
   2.2182956e-01
   2.0535010e-01
   1.8699968e-01
   1.7156194e-01
   1.6005991e-01
   1.4822630e-01
   1.3811265e-01
   1.2452033e-01
   1.1166402e-01
   1.0489986e-01
   9.9365502e-02
   9.1764755e-02
   9.0452545e-02
   8.2932459e-02
   8.0812587e-02
   7.4332383e-02
   6.9784299e-02
   6.2594324e-02
   6.0230253e-02
   5.7401273e-02
   5.2653264e-02
   5.1715213e-02
   4.6861451e-02
   4.6455523e-02
   4.3350651e-02
   4.1712320e-02
   3.7328341e-02
   3.8224992e-02
   3.4944726e-02
   3.3356790e-02
   2.9472888e-02
   2.9115048e-02
   2.5298333e-02
   2.3119572e-02
   2.1855314e-02
   1.8541513e-02
   1.6545251e-02
   1.4278017e-02
   1.3418787e-02
   7.0298860e+01
   8.6788324e+00
   3.8726229e+00
   2.4410119e+00
   1.6976947e+00
   1.3283772e+00
   1.0510489e+00
   8.4286095e-01
   7.0552249e-01
   5.8838397e-01
   5.0500088e-01
   4.3579923e-01
   3.8573208e-01
   3.3709611e-01
   3.0007839e-01
   2.5889645e-01
   2.3641873e-01
   2.1367993e-01
   1.9873398e-01
   1.6986702e-01
   1.4825946e-01
   1.3331098e-01
   1.3552759e-01
   1.2012130e-01
   1.0771691e-01
   9.6714599e-02
   9.2912119e-02
   8.5071284e-02
   7.4844624e-02
   6.9085858e-02
   7.6698320e-02
   5.9261704e-02
   5.2001021e-02
   5.3245552e-02
   4.9834184e-02
   4.4391867e-02
   4.0932734e-02
   3.9972352e-02
   3.5047024e-02
   3.7085983e-02
   3.2165140e-02
   2.6452459e-02
   3.5059437e-02
   2.4248461e-02
   2.7655900e-02
   2.3163280e-02
   2.4975207e-02
   2.3607976e-02
   1.6136309e-02
   2.2597471e-02
   1.5205304e-02
   1.9110140e-02
   1.5101563e-02
   1.6368191e-02
   1.8574242e-02
   1.2392193e-02
   6.9752844e+01
   1.3147990e+01
   5.7707618e+00
   3.6386836e+00
   2.5829583e+00
   2.0004142e+00
   1.5868217e+00
   1.2999320e+00
   1.0893790e+00
   9.2363823e-01
   7.9982824e-01
   7.0081390e-01
   6.0831822e-01
   5.4711224e-01
   4.8253850e-01
   4.3273539e-01
   3.9329443e-01
   3.5385812e-01
   3.2616792e-01
   2.9249785e-01
   2.7067679e-01
   2.4513981e-01
   2.3376685e-01
   2.1736568e-01
   1.9796134e-01
   1.8261183e-01
   1.6893764e-01
   1.6054523e-01
   1.5171480e-01
   1.4062472e-01
   1.3706337e-01
   1.2864966e-01
   1.1816830e-01
   1.1187052e-01
   1.0357126e-01
   9.8902049e-02
   9.3532462e-02
   8.9303822e-02
   8.5953574e-02
   8.2002737e-02
   7.7036944e-02
   7.3985579e-02
   6.8162645e-02
   6.4513145e-02
   6.2765252e-02
   5.9870982e-02
   5.5637948e-02
   5.2056802e-02
   4.9702110e-02
   4.7506268e-02
   4.3336776e-02
   4.0644470e-02
   4.0590816e-02
   3.8225269e-02
   3.4586366e-02
   3.1676621e-02
   7.1188748e+01
   6.6146478e+00
   2.7979079e+00
   1.7390391e+00
   1.2759350e+00
   9.3734857e-01
   7.5581464e-01
   6.0871993e-01
   4.9757490e-01
   4.2088420e-01
   3.6308690e-01
   3.3295708e-01
   3.0454801e-01
   2.5290625e-01
   2.3164467e-01
   2.0546663e-01
   1.8527482e-01
   1.7280216e-01
   1.5521193e-01
   1.4656980e-01
   1.2391762e-01
   1.2142332e-01
   1.1004126e-01
   1.0119926e-01
   9.6353357e-02
   8.7565884e-02
   8.3060779e-02
   7.7106692e-02
   7.5014496e-02
   6.7737232e-02
   6.1490202e-02
   5.9229574e-02
   5.5329469e-02
   5.2230351e-02
   5.0074303e-02
   4.6469093e-02
   4.3274973e-02
   4.2341616e-02
   4.0940588e-02
   3.9827689e-02
   3.7728276e-02
   3.5248235e-02
   3.3994124e-02
   3.0274272e-02
   3.1205249e-02
   2.6663436e-02
   2.8549536e-02
   2.7254228e-02
   2.4487290e-02
   2.4706836e-02
   2.4582889e-02
   2.2537414e-02
   2.1726876e-02
   2.3257463e-02
   2.1286207e-02
   1.9256199e-02
   7.0918307e+01
   4.9113747e+00
   2.0712001e+00
   1.2734401e+00
   9.9695104e-01
   8.0610893e-01
   6.5231250e-01
   5.2729115e-01
   4.5181820e-01
   3.8463366e-01
   3.3119135e-01
   2.9602291e-01
   2.6642401e-01
   2.4031911e-01
   2.0849090e-01
   1.8391365e-01
   1.7452022e-01
   1.5384452e-01
   1.4893283e-01
   1.4040665e-01
   1.1989886e-01
   1.1179552e-01
   1.0650380e-01
   9.3865298e-02
   9.2790312e-02
   8.6749437e-02
   7.7914674e-02
   7.1249532e-02
   6.8663298e-02
   6.3078606e-02
   5.8602884e-02
   5.7835092e-02
   5.3769817e-02
   4.7562572e-02
   4.5586063e-02
   4.1410153e-02
   4.2584605e-02
   3.6853347e-02
   3.4876488e-02
   3.2131726e-02
   3.0500434e-02
   2.9071030e-02
   2.7641172e-02
   2.4107459e-02
   2.4268567e-02
   2.3801234e-02
   2.2056234e-02
   2.0450020e-02
   1.6799889e-02
   1.7907276e-02
   1.4058406e-02
   1.1577926e-02
   1.2970121e-02
   1.0477117e-02
   8.0297469e-03
   7.8310029e-03
   7.1046939e+01
   2.9228619e+00
   1.2374689e+00
   7.9911337e-01
   6.2305777e-01
   4.7404679e-01
   3.8863724e-01
   3.2583047e-01
   2.6913335e-01
   2.4914597e-01
   2.1473436e-01
   1.8387487e-01
   1.6407366e-01
   1.4324225e-01
   1.3087881e-01
   1.1284526e-01
   1.0128221e-01
   9.2849383e-02
   9.3674162e-02
   8.6163038e-02
   7.2801618e-02
   6.5664330e-02
   6.0811248e-02
   5.2375430e-02
   4.9239618e-02
   5.3533486e-02
   5.1365422e-02
   4.8090832e-02
   4.1141079e-02
   4.1487520e-02
   3.3633769e-02
   3.0028200e-02
   2.6352670e-02
   2.8524384e-02
   2.5315837e-02
   2.3565703e-02
   2.2454818e-02
   2.4642160e-02
   2.1231965e-02
   1.7262863e-02
   1.9576520e-02
   2.0852343e-02
   1.8464035e-02
   1.5691230e-02
   1.7159896e-02
   1.6317847e-02
   1.4412936e-02
   1.3488411e-02
   1.1539143e-02
   1.3763935e-02
   1.3553332e-02
   1.3689059e-02
   1.2136513e-02
   1.3068549e-02
   1.2523064e-02
   1.5433632e-02
   7.1456352e+01
   1.9869920e+00
   9.3172480e-01
   7.1868170e-01
   4.2137990e-01
   3.5442687e-01
   2.9233427e-01
   2.5314360e-01
   2.1306797e-01
   1.9020108e-01
   1.6461978e-01
   1.4051109e-01
   1.2331588e-01
   1.1221210e-01
   9.9129882e-02
   9.5119120e-02
   9.0590277e-02
   7.7680602e-02
   6.8887000e-02
   6.0980552e-02
   6.5509432e-02
   6.2776600e-02
   5.0462760e-02
   5.0223927e-02
   4.4651475e-02
   4.0939425e-02
   4.1339827e-02
   4.0786221e-02
   3.3869381e-02
   3.6810661e-02
   3.6792900e-02
   3.2879556e-02
   3.2508880e-02
   3.1801252e-02
   2.8891722e-02
   2.3199127e-02
   2.8017045e-02
   2.6204287e-02
   2.3069726e-02
   2.2977195e-02
   2.1613665e-02
   2.0954071e-02
   1.9963047e-02
   1.8333140e-02
   1.9590551e-02
   1.8569434e-02
   1.6157291e-02
   1.6697054e-02
   1.5442804e-02
   1.8337109e-02
   1.6219962e-02
   1.6084507e-02
   1.4576730e-02
   1.4114862e-02
   1.3074998e-02
   1.4196442e-02
   7.1602515e+01
   3.3622786e+00
   1.4895077e+00
   9.7827693e-01
   7.9712453e-01
   6.2073329e-01
   5.0952564e-01
   4.2167466e-01
   3.6674465e-01
   3.1204338e-01
   2.8790859e-01
   2.6090667e-01
   2.2466238e-01
   2.0567733e-01
   1.8921169e-01
   1.7075541e-01
   1.5696747e-01
   1.4755968e-01
   1.3039823e-01
   1.1977819e-01
   1.1076015e-01
   1.0845229e-01
   9.6976904e-02
   9.4681171e-02
   8.4488130e-02
   7.6599998e-02
   7.9615086e-02
   6.9213458e-02
   6.6113505e-02
   6.2814070e-02
   6.2346027e-02
   5.4528993e-02
   5.4434204e-02
   5.1260761e-02
   4.9583369e-02
   4.8695413e-02
   4.3605809e-02
   4.1358570e-02
   3.9096326e-02
   3.8526451e-02
   3.7801368e-02
   3.5458989e-02
   3.3680487e-02
   3.2495788e-02
   3.0786563e-02
   3.0097312e-02
   2.5185345e-02
   2.6405505e-02
   2.2348460e-02
   2.3855832e-02
   2.1164378e-02
   2.3430662e-02
   2.1899668e-02
   2.1856348e-02
   2.1429492e-02
   2.0158138e-02
   7.1573153e+01
   2.8763713e+00
   1.2889381e+00
   8.1841777e-01
   6.5246347e-01
   5.5239422e-01
   4.4582539e-01
   3.7390621e-01
   3.2626364e-01
   2.8346574e-01
   2.4427952e-01
   2.0967275e-01
   1.9896107e-01
   1.8197651e-01
   1.5756927e-01
   1.4908618e-01
   1.3260593e-01
   1.2325843e-01
   1.0379960e-01
   9.3181737e-02
   9.4563452e-02
   9.4370425e-02
   8.4003591e-02
   7.8275477e-02
   6.5946859e-02
   7.2873131e-02
   6.5494581e-02
   6.4246399e-02
   5.6063544e-02
   5.3079910e-02
   5.4672982e-02
   4.7206787e-02
   4.7403507e-02
   4.3812746e-02
   4.1074556e-02
   4.0559972e-02
   4.0045315e-02
   3.7063346e-02
   3.5826987e-02
   3.5087853e-02
   3.2426534e-02
   2.8793054e-02
   2.9954378e-02
   2.9207526e-02
   2.8864791e-02
   2.5126505e-02
   2.1967923e-02
   2.2228391e-02
   1.8403681e-02
   2.0541347e-02
   1.6591769e-02
   1.7364905e-02
   1.5073619e-02
   1.3936343e-02
   1.3862872e-02
   1.3006916e-02
   7.1601281e+01
   3.1884660e+00
   1.5912062e+00
   1.1012465e+00
   8.1038326e-01
   7.3429869e-01
   6.1150191e-01
   5.1869802e-01
   4.5515274e-01
   3.8341973e-01
   3.2751152e-01
   2.8035268e-01
   2.5695795e-01
   2.2335496e-01
   1.9671313e-01
   1.7258902e-01
   1.5160512e-01
   1.3708560e-01
   1.1307377e-01
   9.9326921e-02
   9.0906472e-02
   8.0344260e-02
   7.2856750e-02
   6.4228719e-02
   5.6468672e-02
   5.4497936e-02
   3.8638496e-02
   4.5384120e-02
   3.8826360e-02
   3.5530939e-02
   3.1581997e-02
   3.2815455e-02
   2.7918535e-02
   2.3314180e-02
   2.3215407e-02
   1.9967948e-02
   1.9143191e-02
   1.9250043e-02
   1.6630433e-02
   1.5212585e-02
   1.4863882e-02
   1.3477591e-02
   1.3823250e-02
   1.1265074e-02
   1.3163651e-02
   1.1660379e-02
   1.0760909e-02
   8.5262242e-03
   9.4124460e-03
   9.9735220e-03
   8.9935000e-03
   7.6174034e-03
   9.2094082e-03
   7.3416974e-03
   5.7033113e-03
   6.1411515e-03
   7.2045575e+01
   2.2713153e+00
   7.8251454e-01
   6.3093444e-01
   3.4977504e-01
   3.4569654e-01
   2.8177132e-01
   2.4484059e-01
   2.0708128e-01
   1.8597820e-01
   1.6416281e-01
   1.4767407e-01
   1.3029591e-01
   1.1454272e-01
   1.1392019e-01
   9.9750843e-02
   8.8701925e-02
   8.3521693e-02
   7.3508808e-02
   7.1043793e-02
   6.2487390e-02
   6.1062201e-02
   5.7847135e-02
   5.2776745e-02
   4.9990062e-02
   4.2036000e-02
   4.4399312e-02
   3.9175318e-02
   3.9059488e-02
   3.9508103e-02
   3.4248951e-02
   3.6476744e-02
   3.2756746e-02
   3.1607823e-02
   3.0597686e-02
   2.9838845e-02
   3.0079225e-02
   2.8507190e-02
   2.7473020e-02
   2.6345744e-02
   2.5487121e-02
   2.3105582e-02
   2.2907145e-02
   2.0096268e-02
   2.0168714e-02
   1.8762883e-02
   1.8432280e-02
   1.6656970e-02
   1.7199772e-02
   1.6088980e-02
   1.5927392e-02
   1.5030398e-02
   1.5132074e-02
   1.3720766e-02
   1.1316180e-02
   1.2277460e-02
