   7.9300000e+00
   3.3100000e+00
   7.9000000e-01
   1.2870000e+01
   1.0000000e-01
   7.2500000e+00
   1.0700000e+00
   1.6800000e+00
   1.4900000e+01
   1.0000000e-01
   8.1000000e+00
   5.2600000e+00
   1.1540000e+01
   1.0000000e+00
   1.0000000e-01
   7.4000000e+00
   3.9200000e+00
   1.3580000e+01
   1.0000000e+00
   1.0000000e-01
   2.0700000e+00
   3.6600000e+00
   2.8900000e+00
   1.6280000e+01
   1.0000000e-01
   2.0700000e+00
   1.4900000e+00
   4.1000000e-01
   1.6900000e+00
   1.9340000e+01
   2.0700000e+00
   3.1800000e+00
   9.9000000e-01
   1.9000000e-01
   1.8570000e+01
   6.8600000e+00
   8.5000000e-01
   2.6000000e+00
   1.4590000e+01
   1.0000000e-01
   7.2500000e+00
   3.1300000e+00
   1.1400000e+00
   1.3380000e+01
   1.0000000e-01
   7.2500000e+00
   4.0900000e+00
   1.3560000e+01
   1.0000000e+00
   1.0000000e-01
   7.4000000e+00
   1.2000000e+00
   3.1600000e+00
   1.3140000e+01
   1.0000000e-01
   7.9300000e+00
   3.0100000e+00
   1.3960000e+01
   1.0000000e+00
   1.0000000e-01
   7.4000000e+00
   5.1100000e+00
   1.2390000e+01
   1.0000000e+00
   1.0000000e-01
   7.2500000e+00
   4.9800000e+00
   1.2670000e+01
   1.0000000e+00
   1.0000000e-01
   7.4000000e+00
   4.1700000e+00
   1.3330000e+01
   1.0000000e+00
   1.0000000e-01
   7.1100000e+00
   5.3500000e+00
   1.2440000e+01
   1.0000000e+00
   1.0000000e-01
   7.2500000e+00
   2.6700000e+00
   2.2900000e+00
   1.2690000e+01
   1.0000000e-01
