0.153677E-02
0.146316E-02
0.139597E-02
0.127793E-02
0.109150E-02
0.841638E-03
0.571574E-03
0.339508E-03
0.176593E-03
0.799127E-04
0.308204E-04
0.969128E-05
0.228356E-05
0.364730E-06
0.586197E-07
0.354336E-07
0.345382E-07
0.339825E-07
0.329174E-07
0.309925E-07
0.284765E-07
0.287581E-07
0.271476E-07
0.149873E-07
0.103326E-07
0.933933E-08
0.847097E-08
0.743297E-08
0.612690E-08
0.462682E-08
0.342302E-08
0.324341E-08
0.365491E-08
0.304839E-08
0.149932E-08
0.105378E-09
0.858266E-10
0.232261E-09
0.159551E-08
0.450655E-08
0.898332E-10
0.766990E-10
0.757836E-10
0.761560E-10
0.833098E-10
0.164586E-09
0.771763E-10
0.741700E-10
0.739120E-10
0.739968E-10
0.772720E-10
0.140237E-09
0.781476E-10
0.732030E-10
0.727831E-10
0.731294E-10
0.808779E-10
0.242415E-09
0.881954E-10
0.731683E-10
