   8.0000000e-07
   4.8687684e+00
   8.0000000e-07
   4.9440671e+00
   8.0000000e-07
   4.6881615e+00
   8.0000000e-07
   4.8626692e+00
   8.0000000e-07
   4.8490525e+00
   8.0000000e-07
   4.8532038e+00
   8.0000000e-07
   4.9356819e+00
   8.0000000e-07
   4.9189887e+00
   8.0000000e-07
   4.9737696e+00
   8.0000000e-07
   5.1130039e+00
   8.0000000e-07
   5.0490389e+00
   8.0000000e-07
   5.0439142e+00
   8.0000000e-07
   4.8855228e+00
   8.0000000e-07
   4.8765740e+00
   8.0000000e-07
   5.0113231e+00
   8.0000000e-07
   4.9441030e+00
   8.0000000e-07
   4.8670187e+00
