   2.0000000e-03
   1.2457699e+02
   2.0000000e-03
   1.2453236e+02
   2.0000000e-03
   1.2520981e+02
   2.0000000e-03
   1.2478805e+02
   2.0000000e-03
   1.2484121e+02
   2.0000000e-03
   1.2486943e+02
   2.0000000e-03
   1.2465136e+02
   2.0000000e-03
   1.2531409e+02
   2.0000000e-03
   1.2548590e+02
   2.0000000e-03
   1.2518306e+02
   2.0000000e-03
   1.2490247e+02
   2.0000000e-03
   1.2558584e+02
   2.0000000e-03
   1.2574357e+02
   2.0000000e-03
   1.2585441e+02
   2.0000000e-03
   1.2546735e+02
   2.0000000e-03
   1.2520313e+02
   2.0000000e-03
   1.2529052e+02
