   2.0021292e+00
   1.8324351e-01
   8.0335659e-02
   1.0000000e+02
   1.0000000e+02
   1.8425653e+00
   3.9017862e-01
   5.7397295e-02
   1.0000000e+02
   1.0000000e+02
   2.0697972e+00
   3.3339110e-01
   1.0000000e+02
   1.0000000e+02
   1.0000000e+02
   1.9010319e+00
   2.3157939e-01
   1.0000000e+02
   1.0000000e+02
   1.0000000e+02
   1.9632200e+00
   8.0680487e-01
   2.0320538e-02
   1.0000000e+02
   1.0000000e+02
   1.9632200e+00
   2.8734546e-01
   3.4396624e-02
   1.0000000e-02
   1.0000000e+02
   1.9632200e+00
   6.4126192e-01
   3.0674583e-02
   1.0000000e-02
   1.0000000e+02
   1.7172563e+00
   2.5019806e-01
   5.7956022e-02
   1.0000000e+02
   1.0000000e+02
   1.8425653e+00
   2.2433593e-01
   9.0447925e-02
   1.0000000e+02
   1.0000000e+02
   1.8425653e+00
   2.9920373e-01
   1.0000000e+02
   1.0000000e+02
   1.0000000e+02
   1.9010319e+00
   2.7931193e-01
   7.4926401e-02
   1.0000000e+02
   1.0000000e+02
   2.0021292e+00
   1.9517773e-01
   1.0000000e+02
   1.0000000e+02
   1.0000000e+02
   1.9010319e+00
   2.6564789e-01
   1.0000000e+02
   1.0000000e+02
   1.0000000e+02
   1.8425653e+00
   2.9557599e-01
   1.0000000e+02
   1.0000000e+02
   1.0000000e+02
   1.9010319e+00
   3.2526950e-01
   1.0000000e+02
   1.0000000e+02
   1.0000000e+02
   1.7875785e+00
   2.3185387e-01
   1.0000000e+02
   1.0000000e+02
   1.0000000e+02
   1.8425653e+00
   3.0945745e-01
   7.0902776e-02
   1.0000000e+02
   1.0000000e+02
