   5.5313178e-02
   8.5813780e-05
   4.1455413e-05
   2.9249111e-05
   2.4847981e-05
   2.0871157e-05
   1.6499054e-05
   1.4389141e-05
   1.1985303e-05
   1.1006920e-05
   1.1284933e-05
   1.0670662e-05
   9.8337614e-06
   7.0360524e-06
   5.7523705e-06
   5.1352207e-06
   4.2986920e-06
   3.1390189e-06
   2.8302578e-06
   2.1002202e-06
   2.2517006e-06
   2.2146318e-06
   2.1084944e-06
   1.9732043e-06
   2.1467495e-06
   2.0955409e-06
   1.8542047e-06
   2.1186126e-06
   2.3392831e-06
   2.3618255e-06
   2.3533392e-06
   2.3711223e-06
   2.8790909e-06
   3.7017598e-06
   4.3202352e-06
   4.0467057e-06
   3.5728776e-06
   2.8989418e-06
   3.3782370e-06
   2.9133076e-06
   1.9363740e-06
   1.9281898e-06
   2.0498024e-06
   1.9545185e-06
   2.6843308e-06
   2.5870214e-06
   2.0918723e-06
   1.6651392e-06
   1.6886377e-06
   2.1664777e-06
   1.6494385e-06
   2.1152843e-06
   2.2475760e-06
   3.1977808e-06
   2.7054286e-06
   2.8071164e-06
   5.6027035e-02
   1.0456110e-04
   5.0403372e-05
   3.5256578e-05
   2.6201786e-05
   2.1637673e-05
   1.8683812e-05
   1.6087817e-05
   1.3821204e-05
   1.2518078e-05
   1.1368878e-05
   9.8663353e-06
   9.0187170e-06
   8.0329363e-06
   7.6399450e-06
   6.9244087e-06
   6.4843011e-06
   6.0208804e-06
   6.0776188e-06
   5.7257117e-06
   5.0652897e-06
   3.7908138e-06
   3.0166330e-06
   2.8737992e-06
   2.4228999e-06
   2.0888346e-06
   2.7754513e-06
   3.3234718e-06
   2.9009606e-06
   3.0634873e-06
   3.3302707e-06
   3.5853319e-06
   3.2357514e-06
   2.3214925e-06
   1.8784238e-06
   1.7991163e-06
   2.0939864e-06
   2.5799410e-06
   2.7900176e-06
   3.3189858e-06
   3.1837691e-06
   2.4625496e-06
   1.9437781e-06
   2.9508387e-06
   3.7736442e-06
   4.1701596e-06
   3.8560792e-06
   3.7690076e-06
   3.6014501e-06
   2.3631409e-06
   2.6221298e-06
   3.0109736e-06
   3.6045706e-06
   1.9678979e-06
   2.5975121e-06
   3.8013620e-06
   5.6011684e-02
   8.1804987e-05
   3.8533210e-05
   2.4312467e-05
   1.8256794e-05
   1.3405415e-05
   9.3461077e-06
   7.3929350e-06
   6.9605381e-06
   5.4388957e-06
   4.1612724e-06
   3.2309730e-06
   2.1862484e-06
   1.6990106e-06
   1.5396700e-06
   1.6310074e-06
   1.5055376e-06
   1.4722029e-06
   2.4713994e-06
   3.1271527e-06
   3.7101054e-06
   4.4103492e-06
   5.2542517e-06
   6.5588064e-06
   6.4962134e-06
   5.0152991e-06
   4.4962701e-06
   4.8619712e-06
   5.5926371e-06
   5.6553776e-06
   5.7323853e-06
   4.4225909e-06
   3.0551131e-06
   2.2636238e-06
   1.8550010e-06
   2.3594070e-06
   3.4545317e-06
   3.4019318e-06
   2.5069829e-06
   2.2452837e-06
   1.9007677e-06
   1.5264077e-06
   2.1324104e-06
   3.8912494e-06
   4.8485362e-06
   5.2092093e-06
   4.6310305e-06
   2.5829036e-06
   2.8150554e-06
   4.0216457e-06
   3.7225232e-06
   4.9805491e-06
   2.4249517e-06
   2.0801953e-06
   4.3840159e-06
   3.0728350e-06
   5.6362780e-02
   9.9042549e-05
   5.1532656e-05
   3.2964627e-05
   2.7126740e-05
   2.1432207e-05
   1.6460122e-05
   1.4506262e-05
   1.1761039e-05
   1.0063966e-05
   9.2811757e-06
   7.3474896e-06
   5.8025601e-06
   3.4992617e-06
   2.4287150e-06
   2.1491023e-06
   2.5835963e-06
   2.2467550e-06
   1.9597633e-06
   2.0879772e-06
   2.1454411e-06
   2.1242764e-06
   2.0507167e-06
   2.1342008e-06
   2.3485138e-06
   2.3126442e-06
   2.3854664e-06
   2.4387253e-06
   2.3621822e-06
   2.4554757e-06
   2.4663514e-06
   2.3783105e-06
   2.1828013e-06
   2.0282610e-06
   2.1255103e-06
   1.9679910e-06
   1.8101083e-06
   2.2002088e-06
   2.5526799e-06
   2.4135845e-06
   2.3733097e-06
   2.4681886e-06
   2.6885642e-06
   2.1395784e-06
   2.3320294e-06
   2.6017885e-06
   3.9970647e-06
   4.2969712e-06
   3.9843718e-06
   3.2643958e-06
   2.9266554e-06
   2.8977227e-06
   2.5487946e-06
   2.8306065e-06
   2.3845473e-06
   2.5576464e-06
   5.6794926e-02
   3.0242360e-04
   1.9254561e-04
   1.3394887e-04
   1.0904090e-04
   8.9159608e-05
   7.3750658e-05
   6.2822573e-05
   5.5276070e-05
   4.9326929e-05
   4.5298271e-05
   3.9899190e-05
   3.4479503e-05
   3.1096979e-05
   2.8341000e-05
   2.5455800e-05
   2.3587563e-05
   2.2314230e-05
   2.0366363e-05
   1.6735083e-05
   1.6258341e-05
   1.4065105e-05
   1.1843875e-05
   1.0647962e-05
   9.8464456e-06
   8.5786277e-06
   7.8617896e-06
   7.3064560e-06
   6.1693572e-06
   6.0364451e-06
   5.2999391e-06
   4.9547700e-06
   4.4794187e-06
   3.8504563e-06
   2.9170619e-06
   2.0245061e-06
   1.8437159e-06
   1.7957883e-06
   1.5167978e-06
   1.5406349e-06
   2.1767405e-06
   1.8272139e-06
   1.4643725e-06
   1.2292176e-06
   1.4202629e-06
   1.6030545e-06
   2.6128087e-06
   2.4868834e-06
   2.7238899e-06
   2.7707764e-06
   1.9717672e-06
   2.0452349e-06
   1.6973521e-06
   1.5782802e-06
   1.3643344e-06
   1.1065476e-06
   5.6661186e-02
   1.4802375e-03
   9.6097305e-04
   6.8751148e-04
   5.6613470e-04
   4.6410183e-04
   3.9442027e-04
   3.4251968e-04
   3.0256415e-04
   2.7133685e-04
   2.5341399e-04
   2.2939152e-04
   2.0967812e-04
   1.9241087e-04
   1.8192656e-04
   1.6804730e-04
   1.5560432e-04
   1.4441490e-04
   1.3367204e-04
   1.2262180e-04
   1.1897152e-04
   1.0915546e-04
   1.0025343e-04
   9.2001598e-05
   8.4619352e-05
   7.7457594e-05
   6.9848649e-05
   6.3191113e-05
   5.7545047e-05
   5.5331497e-05
   4.8986404e-05
   4.2705676e-05
   3.7011528e-05
   3.3577870e-05
   3.0183303e-05
   2.6095199e-05
   2.2127531e-05
   1.9655815e-05
   1.8585586e-05
   1.6736975e-05
   1.4077298e-05
   1.2708143e-05
   1.1671734e-05
   9.7170229e-06
   7.5954629e-06
   5.6039523e-06
   4.8114158e-06
   2.8694859e-06
   2.5390068e-06
   2.5544644e-06
   2.0435671e-06
   2.0673749e-06
   4.3585960e-06
   2.8660344e-06
   3.5453421e-06
   2.4418280e-06
   5.6132812e-02
   4.1767248e-04
   2.7246093e-04
   1.9683933e-04
   1.6311911e-04
   1.3267364e-04
   1.1261280e-04
   9.8631190e-05
   8.5683618e-05
   7.7461568e-05
   7.2251293e-05
   6.5219965e-05
   5.9276953e-05
   5.4168395e-05
   5.1069070e-05
   4.6679438e-05
   4.3027775e-05
   4.0712372e-05
   3.7421227e-05
   3.2642574e-05
   3.1181039e-05
   2.7008949e-05
   2.3265128e-05
   2.0107356e-05
   1.8039456e-05
   1.7057093e-05
   1.5952726e-05
   1.3922654e-05
   1.3068805e-05
   1.1731705e-05
   9.9710927e-06
   8.6775186e-06
   8.6691428e-06
   9.4955526e-06
   1.0619727e-05
   1.1082397e-05
   9.9448024e-06
   8.9716483e-06
   8.8434193e-06
   8.6331508e-06
   6.7097640e-06
   3.7869822e-06
   2.4794288e-06
   2.0857448e-06
   2.0766808e-06
   2.3402053e-06
   1.7435425e-06
   1.5748551e-06
   2.7118506e-06
   4.7060633e-06
   3.4870136e-06
   3.9605521e-06
   3.1473269e-06
   2.3860965e-06
   2.9309998e-06
   4.0939186e-06
   5.4403014e-02
   1.2900168e-04
   7.3884409e-05
   4.9699614e-05
   3.9993054e-05
   3.1643935e-05
   2.6768713e-05
   2.3301736e-05
   1.8901613e-05
   1.6594400e-05
   1.5175334e-05
   1.3055084e-05
   1.0973428e-05
   9.3295879e-06
   7.6796299e-06
   5.9541048e-06
   5.7349475e-06
   6.6194921e-06
   6.4618943e-06
   5.7155327e-06
   5.7968684e-06
   5.9216777e-06
   5.8481578e-06
   5.4823471e-06
   4.6537360e-06
   3.5460441e-06
   2.8504661e-06
   2.9121436e-06
   2.8887835e-06
   3.1571422e-06
   3.3109150e-06
   3.2396092e-06
   2.6175873e-06
   2.2255506e-06
   2.1795440e-06
   2.2178040e-06
   2.2244544e-06
   2.2968413e-06
   2.5490785e-06
   2.6863365e-06
   2.5508881e-06
   2.5417326e-06
   2.4980079e-06
   2.1836228e-06
   2.4545527e-06
   2.5592187e-06
   2.2644036e-06
   2.2644718e-06
   2.3268316e-06
   2.6099529e-06
   2.3372446e-06
   2.6894602e-06
   2.6784840e-06
   2.5697101e-06
   2.4900051e-06
   2.3199821e-06
   5.5505519e-02
   1.0367392e-04
   5.1994150e-05
   3.4293336e-05
   2.8508474e-05
   2.2446015e-05
   1.8558621e-05
   1.5939178e-05
   1.2816007e-05
   1.1600569e-05
   9.6977807e-06
   7.8460536e-06
   6.9516510e-06
   6.0002380e-06
   4.9356598e-06
   4.3837565e-06
   3.7774646e-06
   2.3453680e-06
   1.7620405e-06
   1.6722339e-06
   1.7685076e-06
   1.7657293e-06
   1.4621790e-06
   1.4890479e-06
   1.6205351e-06
   1.7697914e-06
   2.2728029e-06
   2.9851171e-06
   3.4460639e-06
   3.1656652e-06
   2.7787597e-06
   2.5073197e-06
   2.4238700e-06
   2.4779893e-06
   2.2188094e-06
   1.8360421e-06
   1.5811845e-06
   1.4933962e-06
   1.5840450e-06
   1.7163468e-06
   1.6642544e-06
   1.7151574e-06
   1.9028267e-06
   2.1609667e-06
   2.1495913e-06
   1.8734434e-06
   1.9685891e-06
   2.1403270e-06
   2.6335681e-06
   2.0086398e-06
   3.1151699e-06
   2.7174497e-06
   2.5621719e-06
   2.1584531e-06
   1.6771605e-06
   1.6920699e-06
   5.6399124e-02
   1.0640490e-04
   5.2438795e-05
   3.3545016e-05
   2.6662674e-05
   1.9663838e-05
   1.4727598e-05
   1.1217896e-05
   1.0002794e-05
   8.1734111e-06
   7.5366444e-06
   5.1671410e-06
   4.0760925e-06
   3.0179725e-06
   3.3070574e-06
   2.9023854e-06
   2.7413596e-06
   2.6246213e-06
   2.8349720e-06
   2.8045820e-06
   3.0509027e-06
   3.0149468e-06
   2.8905461e-06
   3.1819678e-06
   3.9173993e-06
   4.8279151e-06
   4.9473192e-06
   5.4527186e-06
   6.2277475e-06
   6.3381717e-06
   6.3880561e-06
   6.0569306e-06
   4.8287467e-06
   3.3979321e-06
   2.4788991e-06
   1.8113681e-06
   1.6497988e-06
   2.3197952e-06
   4.4979849e-06
   5.6478524e-06
   4.7827781e-06
   3.3239107e-06
   2.3576205e-06
   1.6599628e-06
   1.7806610e-06
   2.5191626e-06
   2.3505371e-06
   1.7780539e-06
   1.4396407e-06
   2.2089940e-06
   4.5080882e-06
   6.0180090e-06
   3.8634976e-06
   2.0255074e-06
   1.6117176e-06
   5.1220461e-06
   5.6458472e-02
   9.7159067e-05
   5.0585066e-05
   3.4724846e-05
   2.8767346e-05
   2.2153479e-05
   1.9013085e-05
   1.6299582e-05
   1.4535136e-05
   1.4663689e-05
   1.2711010e-05
   1.1880746e-05
   9.9664140e-06
   9.1436807e-06
   8.5761898e-06
   7.5644157e-06
   6.3736821e-06
   5.7650384e-06
   5.6245984e-06
   4.5421623e-06
   3.9671280e-06
   2.6127912e-06
   1.7105643e-06
   1.2283819e-06
   1.1072281e-06
   1.4027882e-06
   2.0517451e-06
   2.6628186e-06
   3.6418021e-06
   3.4925152e-06
   3.6211436e-06
   2.8541062e-06
   2.0083822e-06
   1.4086810e-06
   1.2844643e-06
   1.6831563e-06
   2.8830781e-06
   4.0532576e-06
   3.4398966e-06
   2.5414705e-06
   2.1871336e-06
   1.5758203e-06
   1.5920852e-06
   2.6294062e-06
   4.1083450e-06
   4.7808554e-06
   4.5864414e-06
   3.1242697e-06
   1.5824228e-06
   1.7955335e-06
   3.4212870e-06
   4.3496844e-06
   2.2101468e-06
   1.3812190e-06
   2.8681033e-06
   3.0815903e-06
   5.5235642e-02
   8.5641818e-05
   4.1865414e-05
   2.8554249e-05
   2.3432734e-05
   1.8787753e-05
   1.5726009e-05
   1.3101361e-05
   1.0558290e-05
   8.6784225e-06
   8.1872503e-06
   6.9435664e-06
   5.8737100e-06
   4.3966226e-06
   3.8202238e-06
   3.4139162e-06
   2.9227154e-06
   2.0838913e-06
   1.9839015e-06
   1.5422809e-06
   1.6688465e-06
   1.8297205e-06
   2.2362835e-06
   2.2294527e-06
   1.9826364e-06
   1.8274415e-06
   1.7554704e-06
   1.7389741e-06
   1.7747727e-06
   1.8301143e-06
   1.6943544e-06
   1.5547656e-06
   1.5078507e-06
   1.4700209e-06
   1.5030320e-06
   1.5180093e-06
   1.5683756e-06
   1.6187409e-06
   1.7172372e-06
   2.5920403e-06
   3.6621326e-06
   3.6920403e-06
   3.6496244e-06
   4.1641150e-06
   4.2158290e-06
   2.5554420e-06
   1.7146840e-06
   1.6203700e-06
   2.3817007e-06
   2.4342292e-06
   2.0636739e-06
   1.8114190e-06
   1.7250961e-06
   1.7680322e-06
   1.7641491e-06
   1.9653191e-06
   5.5915040e-02
   9.8529610e-05
   4.8029942e-05
   3.1455950e-05
   2.4595300e-05
   1.8372701e-05
   1.5993036e-05
   1.3558506e-05
   1.1050167e-05
   9.0381410e-06
   8.2563013e-06
   6.5528122e-06
   5.6613835e-06
   4.7351523e-06
   4.0873987e-06
   2.9831651e-06
   1.8074530e-06
   1.2215780e-06
   1.3157217e-06
   1.4643385e-06
   1.3576387e-06
   1.3965190e-06
   1.3637002e-06
   1.4377399e-06
   1.7041121e-06
   2.0324721e-06
   2.0302054e-06
   1.6004564e-06
   1.5081993e-06
   1.7061413e-06
   2.0882673e-06
   2.6402832e-06
   3.2919728e-06
   3.4481846e-06
   3.2924446e-06
   3.4680218e-06
   2.9934313e-06
   2.1209805e-06
   1.7154013e-06
   1.9006436e-06
   2.4837792e-06
   3.0688557e-06
   3.3334592e-06
   3.5860170e-06
   2.8182748e-06
   1.7089681e-06
   1.9345280e-06
   3.0278459e-06
   3.5727890e-06
   3.3052718e-06
   2.8461550e-06
   1.5845369e-06
   2.5716695e-06
   2.2333988e-06
   1.9649026e-06
   1.7510757e-06
   5.5677684e-02
   1.0435329e-04
   4.9152182e-05
   3.1447781e-05
   2.3874793e-05
   1.7621007e-05
   1.3340320e-05
   1.1166306e-05
   9.1737751e-06
   6.7949490e-06
   6.9217030e-06
   6.3137515e-06
   5.5755502e-06
   4.9832959e-06
   4.4581922e-06
   3.8585404e-06
   2.8698176e-06
   1.6693668e-06
   1.4783273e-06
   1.3616890e-06
   1.4711849e-06
   1.3828362e-06
   1.3629931e-06
   1.3438494e-06
   1.3678148e-06
   1.3208714e-06
   1.4192874e-06
   1.5072684e-06
   1.6249994e-06
   1.5138027e-06
   1.4819920e-06
   1.5159302e-06
   1.7027985e-06
   1.9687241e-06
   2.1716272e-06
   2.3844495e-06
   2.4075357e-06
   2.0705671e-06
   1.7695685e-06
   1.6868243e-06
   1.4461653e-06
   1.6980292e-06
   1.6517861e-06
   1.3752803e-06
   1.3024011e-06
   1.2331686e-06
   1.0909651e-06
   1.2658984e-06
   1.2599394e-06
   1.3107673e-06
   1.3262336e-06
   1.7658713e-06
   1.5371301e-06
   1.9878852e-06
   2.5368906e-06
   1.5354668e-06
   5.5665845e-02
   9.8871881e-05
   4.9538297e-05
   3.2964462e-05
   2.5422870e-05
   1.9509366e-05
   1.5380486e-05
   1.0946951e-05
   7.8362314e-06
   6.2541507e-06
   5.5573937e-06
   3.7241820e-06
   2.4978132e-06
   2.1052306e-06
   1.8808866e-06
   1.8123748e-06
   2.0622494e-06
   2.1754202e-06
   1.8991332e-06
   1.7990503e-06
   1.7745812e-06
   1.8050077e-06
   1.7880555e-06
   1.7903565e-06
   1.9438153e-06
   2.0399171e-06
   2.0357861e-06
   2.2618204e-06
   2.0323355e-06
   1.8781252e-06
   1.6234165e-06
   1.6029750e-06
   1.6215253e-06
   1.6634246e-06
   1.7354184e-06
   1.7259204e-06
   2.3139752e-06
   2.8734176e-06
   2.6437466e-06
   2.5694672e-06
   2.1819040e-06
   1.6600944e-06
   1.5711482e-06
   1.5024415e-06
   1.4943687e-06
   2.4159394e-06
   3.2983152e-06
   2.3773082e-06
   1.9360554e-06
   1.5234416e-06
   1.5012417e-06
   1.4136699e-06
   1.3051663e-06
   1.3175385e-06
   2.5804190e-06
   2.4850052e-06
   5.5746521e-02
   1.1233263e-04
   5.5554051e-05
   3.4799492e-05
   2.5556855e-05
   1.7747023e-05
   1.4329496e-05
   1.1118331e-05
   9.2386670e-06
   8.8819642e-06
   8.0505620e-06
   8.4537453e-06
   8.4351443e-06
   7.2809422e-06
   5.8986324e-06
   4.9135376e-06
   3.7627680e-06
   2.6356734e-06
   1.4858882e-06
   1.6944269e-06
   1.4311836e-06
   1.5074938e-06
   1.6629362e-06
   1.7025252e-06
   1.1687855e-06
   1.3140550e-06
   1.9634530e-06
   2.3960667e-06
   2.1622690e-06
   2.4958023e-06
   2.8474052e-06
   2.7976881e-06
   2.4230917e-06
   2.2322917e-06
   2.5242338e-06
   2.7995245e-06
   2.5220306e-06
   1.7000741e-06
   1.1665828e-06
   1.1869716e-06
   9.5680530e-07
   1.0291902e-06
   1.0704918e-06
   1.1057743e-06
   1.8075887e-06
   2.3319950e-06
   1.1117880e-06
   1.9133681e-06
   2.0753687e-06
   1.4662843e-06
   1.0441771e-06
   1.4534562e-06
   1.5719886e-06
   1.4895748e-06
   1.4358185e-06
   1.6796718e-06
   5.6880992e-02
   1.0159017e-04
   5.1662478e-05
   3.2105805e-05
   2.4770295e-05
   1.9181221e-05
   1.5601173e-05
   1.2454815e-05
   1.0413218e-05
   7.4220492e-06
   7.1632370e-06
   6.3954596e-06
   5.5019394e-06
   4.5999973e-06
   4.9043553e-06
   6.0485633e-06
   6.3295224e-06
   5.9282840e-06
   5.8323178e-06
   4.9100899e-06
   4.1737417e-06
   2.9008259e-06
   2.4857307e-06
   2.5700559e-06
   2.8062513e-06
   2.7886965e-06
   1.8901509e-06
   1.2708436e-06
   1.2140428e-06
   1.2783297e-06
   1.2382893e-06
   1.2208613e-06
   1.5765106e-06
   2.1526281e-06
   2.9263008e-06
   3.6005932e-06
   3.3687399e-06
   2.0154454e-06
   1.4092238e-06
   1.4158655e-06
   1.3743102e-06
   1.9528169e-06
   2.3999080e-06
   2.3224702e-06
   1.5285271e-06
   1.2600149e-06
   1.5904934e-06
   2.4527730e-06
   1.7205779e-06
   1.7121661e-06
   1.3746309e-06
   1.4679656e-06
   1.8322686e-06
   2.8537456e-06
   2.8168582e-06
   1.3712607e-06
