   7.9300000e+00
   3.3100000e+00
   1.4700000e+00
   1.2190000e+01
   1.0000000e-01
   7.2500000e+00
   1.0700000e+00
   2.4500000e+00
   1.4130000e+01
   1.0000000e-01
   8.1000000e+00
   5.2600000e+00
   1.1540000e+01
   1.0000000e+00
   1.0000000e-01
   7.4000000e+00
   4.3300000e+00
   3.6100000e+00
   8.9000000e-01
   8.7700000e+00
   2.0700000e+00
   3.6600000e+00
   2.8900000e+00
   1.6280000e+01
   1.0000000e-01
   2.0700000e+00
   1.4900000e+00
   4.1000000e-01
   1.6900000e+00
   1.9340000e+01
   2.0700000e+00
   3.1800000e+00
   9.9000000e-01
   2.8400000e+00
   1.5920000e+01
   6.8600000e+00
   8.5000000e-01
   4.6400000e+00
   1.3800000e+00
   1.1270000e+01
   7.2500000e+00
   3.1300000e+00
   1.4100000e+00
   1.3110000e+01
   1.0000000e-01
   7.2500000e+00
   4.0900000e+00
   1.9100000e+00
   1.1650000e+01
   1.0000000e-01
   7.4000000e+00
   1.2000000e+00
   3.1600000e+00
   1.3140000e+01
   1.0000000e-01
   7.9300000e+00
   3.4600000e+00
   1.5000000e+00
   1.2010000e+01
   1.0000000e-01
   7.4000000e+00
   6.8400000e+00
   9.0000000e-02
   1.0570000e+01
   1.0000000e-01
   7.2500000e+00
   5.5200000e+00
   1.3400000e+00
   1.0790000e+01
   1.0000000e-01
   7.4000000e+00
   5.6000000e+00
   1.8600000e+00
   1.0040000e+01
   1.0000000e-01
   7.1100000e+00
   6.3300000e+00
   1.5900000e+00
   9.8700000e+00
   1.0000000e-01
   7.2500000e+00
   2.6700000e+00
   3.8500000e+00
   1.1130000e+01
   1.0000000e-01
