0.306449E-07
0.306040E-07
0.305631E-07
0.304816E-07
0.303193E-07
0.299977E-07
0.293663E-07
0.281487E-07
0.258837E-07
0.219543E-07
0.159818E-07
0.883540E-08
0.311373E-08
0.621287E-09
0.144271E-09
0.110865E-09
0.110088E-09
0.110015E-09
0.109880E-09
0.109610E-09
0.109074E-09
0.108016E-09
0.105959E-09
0.102061E-09
0.950436E-10
0.835448E-10
0.675521E-10
0.502889E-10
0.364906E-10
0.277759E-10
0.235341E-10
0.221964E-10
0.216016E-10
0.206492E-10
0.188571E-10
0.157536E-10
0.144411E-10
0.319964E-10
0.250019E-10
0.729937E-11
0.364653E-11
0.382024E-11
0.387198E-11
0.350798E-11
0.333951E-11
0.333162E-11
0.332948E-11
0.332744E-11
0.332561E-11
0.332588E-11
0.336270E-11
0.420933E-11
0.342117E-11
0.332928E-11
0.332072E-11
0.333283E-11
0.358557E-11
0.956891E-11
0.428974E-11
0.341740E-11
