   2.0200000e-03
  -1.3504414e-02
   2.0200000e-03
  -5.0272922e-02
   2.0200000e-03
  -2.4828806e-02
   2.0200000e-03
  -3.3688616e-02
   2.0200000e-03
  -3.6961660e-02
   2.0200000e-03
  -7.0171260e-02
   2.0200000e-03
  -6.5595861e-02
   2.0200000e-03
  -1.0639813e-01
   2.0200000e-03
  -4.0094540e-02
   2.0200000e-03
  -8.7707063e-02
   2.0200000e-03
  -1.1765934e-01
   2.0200000e-03
  -7.3570322e-02
   2.0200000e-03
  -4.4962915e-02
   2.0200000e-03
  -1.0044794e-01
   2.0200000e-03
  -6.4901847e-02
   2.0200000e-03
  -7.8957250e-02
   2.0200000e-03
  -7.9386082e-02
