   1.7520000e-04
   1.6737916e+02
   1.7600000e-04
   1.6765111e+02
   1.7520000e-04
   1.6744604e+02
   1.7600000e-04
   1.6760992e+02
   1.7600000e-04
   1.6764249e+02
   1.7600000e-04
   1.6777428e+02
   1.7600000e-04
   1.6779098e+02
   1.7680000e-04
   1.6871234e+02
   1.7840000e-04
   1.6926724e+02
   1.7600000e-04
   1.6965405e+02
   1.7600000e-04
   1.6910064e+02
   1.7520000e-04
   1.6988577e+02
   1.7680000e-04
   1.6988699e+02
   1.7600000e-04
   1.7012410e+02
   1.7680000e-04
   1.7012292e+02
   1.7680000e-04
   1.6958572e+02
   1.7760000e-04
   1.6959634e+02
