  0.281332E+01  0.400000E-01  0.100904E+00  0.466254E-01  0.100000E+03  0.187000E+01  0.100000E+01  0.105000E+01  0.398000E+01
  0.281395E+01  0.399960E-01  0.100903E+00  0.466254E-01  0.100000E+03  0.187320E+01  0.100004E+01  0.105000E+01  0.398000E+01
  0.281457E+01  0.399920E-01  0.100902E+00  0.466254E-01  0.100000E+03  0.187636E+01  0.100008E+01  0.105000E+01  0.398000E+01
  0.281579E+01  0.399841E-01  0.100900E+00  0.466255E-01  0.100000E+03  0.188253E+01  0.100016E+01  0.105000E+01  0.398000E+01
  0.281815E+01  0.399690E-01  0.100897E+00  0.466255E-01  0.100000E+03  0.189431E+01  0.100032E+01  0.104999E+01  0.398000E+01
  0.282256E+01  0.399409E-01  0.100890E+00  0.466257E-01  0.100000E+03  0.191588E+01  0.100060E+01  0.104998E+01  0.398000E+01
  0.283038E+01  0.398915E-01  0.100879E+00  0.466260E-01  0.100000E+03  0.195270E+01  0.100108E+01  0.104997E+01  0.398000E+01
  0.284319E+01  0.398121E-01  0.100861E+00  0.466267E-01  0.100000E+03  0.200892E+01  0.100183E+01  0.104995E+01  0.397999E+01
  0.286205E+01  0.396978E-01  0.100838E+00  0.466282E-01  0.100000E+03  0.208287E+01  0.100285E+01  0.104993E+01  0.397998E+01
  0.288644E+01  0.395515E-01  0.100809E+00  0.466316E-01  0.100000E+03  0.216431E+01  0.100407E+01  0.104990E+01  0.397996E+01
  0.291335E+01  0.393807E-01  0.100775E+00  0.466387E-01  0.100000E+03  0.223737E+01  0.100545E+01  0.104987E+01  0.397992E+01
  0.293784E+01  0.391831E-01  0.100735E+00  0.466528E-01  0.100000E+03  0.228768E+01  0.100705E+01  0.104985E+01  0.397982E+01
  0.295768E+01  0.389184E-01  0.100678E+00  0.466810E-01  0.100000E+03  0.230998E+01  0.100928E+01  0.104984E+01  0.397964E+01
  0.297879E+01  0.384708E-01  0.100580E+00  0.467370E-01  0.100000E+03  0.231027E+01  0.101318E+01  0.104984E+01  0.397927E+01
  0.301433E+01  0.376099E-01  0.100394E+00  0.468489E-01  0.100000E+03  0.229656E+01  0.102088E+01  0.104990E+01  0.397855E+01
  0.308289E+01  0.359140E-01  0.100044E+00  0.470734E-01  0.100000E+03  0.226918E+01  0.103671E+01  0.105013E+01  0.397716E+01
  0.321384E+01  0.326275E-01  0.994309E-01  0.475231E-01  0.100000E+03  0.222230E+01  0.106993E+01  0.105106E+01  0.397457E+01
  0.345377E+01  0.266301E-01  0.985889E-01  0.484039E-01  0.100000E+03  0.214943E+01  0.113927E+01  0.105466E+01  0.397026E+01
  0.386560E+01  0.175743E-01  0.983974E-01  0.499326E-01  0.100000E+03  0.204765E+01  0.125080E+01  0.106655E+01  0.396521E+01
  0.451037E+01  0.916486E-02  0.101122E+00  0.515880E-01  0.100000E+03  0.192540E+01  0.112558E+01  0.108985E+01  0.396439E+01
  0.523449E+01  0.543618E-02  0.105701E+00  0.524737E-01  0.100000E+03  0.182774E+01  0.526277E+00  0.111188E+01  0.397074E+01
  0.581742E+01  0.283489E-02  0.113831E+00  0.553738E-01  0.999997E+02  0.172640E+01  0.272313E+00  0.117512E+01  0.401407E+01
  0.633883E+01  0.170412E-02  0.126547E+00  0.596322E-01  0.999988E+02  0.170223E+01  0.140957E+00  0.128732E+01  0.411388E+01
  0.676913E+01  0.113529E-02  0.152088E+00  0.680909E-01  0.999964E+02  0.169642E+01  0.100967E+00  0.155866E+01  0.436321E+01
  0.743633E+01  0.702139E-03  0.206905E+00  0.780344E-01  0.999928E+02  0.170533E+01  0.591221E-01  0.208809E+01  0.472470E+01
  0.757270E+01  0.634136E-03  0.235542E+00  0.798366E-01  0.999912E+02  0.170404E+01  0.549605E-01  0.235976E+01  0.486493E+01
  0.782723E+01  0.542282E-03  0.295927E+00  0.809494E-01  0.999888E+02  0.170774E+01  0.467060E-01  0.289759E+01  0.509806E+01
  0.819074E+01  0.436389E-03  0.428687E+00  0.781844E-01  0.999853E+02  0.171115E+01  0.375544E-01  0.391192E+01  0.545238E+01
  0.864743E+01  0.335001E-03  0.719388E+00  0.681465E-01  0.999815E+02  0.171477E+01  0.288385E-01  0.514489E+01  0.588242E+01
  0.916700E+01  0.248836E-03  0.131812E+01  0.526890E-01  0.999785E+02  0.171749E+01  0.214431E-01  0.553899E+01  0.635148E+01
  0.979735E+01  0.175533E-03  0.246531E+01  0.313355E-01  0.999764E+02  0.171911E+01  0.151459E-01  0.482373E+01  0.695632E+01
  0.107148E+02  0.112779E-03  0.452965E+01  0.657113E-02  0.999780E+02  0.171837E+01  0.978262E-02  0.406119E+01  0.731559E+01
  0.119234E+02  0.650373E-04  0.736348E+01  0.305160E-04  0.999779E+02  0.164926E+01  0.667743E-02  0.281511E-01  0.602873E+01
  0.130944E+02  0.938603E-18  0.735722E+01  0.122629E+06  0.999684E+02  0.224255E+02  0.687556E+12  0.522428E+03  0.602591E+01
  0.390446E-01  0.938590E-18  0.735916E+01  0.122629E+06  0.999684E+02  0.100243E+03  0.687556E+12  0.522428E+03  0.602591E+01
  0.245737E-03  0.941335E-18  0.747743E+01  0.122629E+06  0.999684E+02  0.100241E+03  0.687556E+12  0.522428E+03  0.602591E+01
  0.105302E-03  0.107662E-17  0.601111E+01  0.122629E+06  0.999684E+02  0.101079E+03  0.687556E+12  0.522428E+03  0.602591E+01
  0.438169E-04  0.117836E-17  0.673204E+01  0.122629E+06  0.999684E+02  0.100694E+03  0.687556E+12  0.522428E+03  0.602591E+01
  0.175438E-04  0.113885E-17  0.682432E+01  0.122629E+06  0.999684E+02  0.100730E+03  0.687556E+12  0.522428E+03  0.602591E+01
  0.827302E-05  0.114661E-17  0.678292E+01  0.122629E+06  0.999684E+02  0.100738E+03  0.687556E+12  0.522428E+03  0.602591E+01
  0.464640E-05  0.120353E-17  0.673303E+01  0.122629E+06  0.999684E+02  0.100763E+03  0.687556E+12  0.522428E+03  0.602591E+01
  0.236972E-05  0.118011E-17  0.690565E+01  0.122629E+06  0.999684E+02  0.100852E+03  0.687556E+12  0.522428E+03  0.602591E+01
  0.659922E-06  0.117691E-17  0.735551E+01  0.122629E+06  0.999684E+02  0.100887E+03  0.687556E+12  0.522428E+03  0.602591E+01
  0.297947E-07  0.119155E-17  0.745920E+01  0.122629E+06  0.999684E+02  0.100887E+03  0.687556E+12  0.522428E+03  0.602591E+01
  0.616679E-11  0.120168E-17  0.744455E+01  0.122629E+06  0.999684E+02  0.100887E+03  0.687556E+12  0.522428E+03  0.602591E+01
  0.378958-202  0.122107E-17  0.751164E+01  0.122629E+06  0.999684E+02  0.100887E+03  0.687556E+12  0.522428E+03  0.602591E+01
  0.378958-202  0.122107E-17  0.751164E+01  0.122629E+06  0.999684E+02  0.100887E+03  0.687556E+12  0.522428E+03  0.602591E+01
  0.378958-202  0.122107E-17  0.751164E+01  0.122629E+06  0.999684E+02  0.100887E+03  0.687556E+12  0.522428E+03  0.602591E+01
  0.378958-202  0.122107E-17  0.751164E+01  0.122629E+06  0.999684E+02  0.100887E+03  0.687556E+12  0.522428E+03  0.602591E+01
  0.378958-202  0.122107E-17  0.751164E+01  0.122629E+06  0.999684E+02  0.100887E+03  0.687556E+12  0.522428E+03  0.602591E+01
  0.378958-202  0.122107E-17  0.751164E+01  0.122629E+06  0.999684E+02  0.100887E+03  0.687556E+12  0.522428E+03  0.602591E+01
  0.378958-202  0.122107E-17  0.751164E+01  0.122629E+06  0.999684E+02  0.100887E+03  0.687556E+12  0.522428E+03  0.602591E+01
  0.378958-202  0.122107E-17  0.751164E+01  0.122629E+06  0.999684E+02  0.100887E+03  0.687556E+12  0.522428E+03  0.602591E+01
  0.378958-202  0.122107E-17  0.751164E+01  0.122629E+06  0.999684E+02  0.100887E+03  0.687556E+12  0.522428E+03  0.602591E+01
  0.378958-202  0.122107E-17  0.751164E+01  0.122629E+06  0.999684E+02  0.100887E+03  0.687556E+12  0.522428E+03  0.602591E+01
  0.378958-202  0.122107E-17  0.751164E+01  0.122629E+06  0.999684E+02  0.100887E+03  0.687556E+12  0.522428E+03  0.602591E+01
  0.378958-202  0.122107E-17  0.751164E+01  0.122629E+06  0.999684E+02  0.100887E+03  0.687556E+12  0.522428E+03  0.602591E+01
  0.378958-202  0.122107E-17  0.751164E+01  0.122629E+06  0.999684E+02  0.100887E+03  0.687556E+12  0.522428E+03  0.602591E+01
  0.378958-202  0.122107E-17  0.751164E+01  0.122629E+06  0.999684E+02  0.100887E+03  0.687556E+12  0.522428E+03  0.602591E+01
  0.378958-202  0.122107E-17  0.751164E+01  0.122629E+06  0.999684E+02  0.100887E+03  0.687556E+12  0.522428E+03  0.602591E+01
