   2.8133200e+00
   4.0000000e-02
   1.0090400e-01
   4.6625404e-02
   1.0000000e+02
   2.8133200e+00
   4.0000000e-02
   1.0622021e-01
   7.3264311e-03
   1.0000000e+02
   2.8133200e+00
   4.0000000e-02
   3.2102177e-02
   1.8791923e-03
   1.0000000e+02
   2.8133200e+00
   4.0000000e-02
   1.0915345e-01
   4.2854102e-03
   1.0000000e+02
   2.8133200e+00
   4.0000000e-02
   1.1925743e-01
   8.5734206e-03
   1.0000000e+02
   2.8133200e+00
   4.0000000e-02
   2.0689478e-01
   4.9595508e-02
   1.0000000e+02
   2.8133200e+00
   4.0000000e-02
   1.8300936e-01
   7.2229497e-02
   1.0000000e+02
   2.8133200e+00
   4.0000000e-02
   2.0184248e-01
   5.2017851e-02
   1.0000000e+02
