   7.7342592e-02
   1.6450688e-04
   8.7154855e-05
   5.8129082e-05
   5.1379752e-05
   3.9799506e-05
   3.8566341e-05
   2.8045977e-05
   2.3373625e-05
   1.6387424e-05
   1.4327198e-05
   1.4809236e-05
   1.1362220e-05
   1.2365755e-05
   1.1569668e-05
   8.2056822e-06
   6.7289219e-06
   5.5140862e-06
   4.9180800e-06
   6.6110042e-06
   6.9555775e-06
   7.0627195e-06
   7.4423613e-06
   7.4869166e-06
   6.4675758e-06
   5.7677138e-06
   4.9391119e-06
   6.9076645e-06
   9.9222904e-06
   9.7273449e-06
   1.1047403e-05
   1.2350543e-05
   1.1522385e-05
   8.7806140e-06
   6.0782871e-06
   5.3145351e-06
   4.9836757e-06
   4.5094462e-06
   4.7569456e-06
   5.7977474e-06
   9.9968498e-06
   1.4806346e-05
   1.2162516e-05
   6.0702870e-06
   6.0836578e-06
   1.0445341e-05
   7.5019474e-06
   7.2755772e-06
   1.0748364e-05
   9.2228636e-06
   6.4126852e-06
   8.3427694e-06
   1.0259654e-05
   6.5584982e-06
   4.7271718e-06
   5.2263148e-06
   7.7815015e-02
   2.4131117e-04
   1.0187920e-04
   5.8600845e-05
   4.5161935e-05
   3.3724932e-05
   2.7109383e-05
   2.3876131e-05
   2.0897951e-05
   1.7564589e-05
   1.6282234e-05
   1.4602840e-05
   1.6826910e-05
   1.5563579e-05
   1.2309646e-05
   1.0592910e-05
   1.2153196e-05
   9.5811490e-06
   7.0381138e-06
   4.9407568e-06
   5.0187398e-06
   4.1618726e-06
   3.6521604e-06
   3.3306558e-06
   2.8670501e-06
   3.2207081e-06
   3.9368774e-06
   3.5578158e-06
   4.7672195e-06
   6.6802843e-06
   1.0249823e-05
   1.2563713e-05
   1.0389525e-05
   6.8871686e-06
   5.1339849e-06
   7.1509828e-06
   8.8683850e-06
   7.0510717e-06
   4.8546128e-06
   6.7814998e-06
   7.8892179e-06
   7.1016688e-06
   5.6465483e-06
   3.5973297e-06
   4.0366092e-06
   4.0817980e-06
   4.3291023e-06
   4.1600358e-06
   4.2279951e-06
   4.0393268e-06
   3.4449271e-06
   8.8604902e-06
   1.0816628e-05
   5.3737528e-06
   8.1475434e-06
   6.0496484e-06
   7.8058672e-02
   3.4104023e-04
   1.8158152e-04
   1.2259256e-04
   1.0002900e-04
   7.8197695e-05
   6.3011205e-05
   5.3877271e-05
   4.8272276e-05
   4.3724175e-05
   3.7283332e-05
   3.3287935e-05
   2.9583709e-05
   2.4565942e-05
   2.0569877e-05
   1.7715640e-05
   1.4747016e-05
   1.2798298e-05
   1.0075993e-05
   9.5792237e-06
   1.0153507e-05
   1.1443851e-05
   1.0898198e-05
   9.6355668e-06
   8.8449512e-06
   9.2629842e-06
   1.0116166e-05
   9.8845060e-06
   8.7187644e-06
   7.6852743e-06
   6.5553088e-06
   5.3007698e-06
   4.0684217e-06
   3.5856873e-06
   4.3019726e-06
   5.9610418e-06
   8.6609587e-06
   9.9197997e-06
   7.9892300e-06
   6.1810790e-06
   4.3750263e-06
   3.7373437e-06
   4.3347474e-06
   5.1250833e-06
   7.4886016e-06
   7.5086435e-06
   3.7836947e-06
   3.2923188e-06
   4.0894045e-06
   5.5964952e-06
   7.7466258e-06
   5.3720490e-06
   3.3138157e-06
   4.9822758e-06
   8.8055017e-06
   8.1779346e-06
   7.7433188e-02
   2.5113950e-04
   1.4256686e-04
   1.0022343e-04
   7.8678760e-05
   6.4532752e-05
   5.3597136e-05
   4.5649947e-05
   3.7925303e-05
   3.0432494e-05
   2.7709944e-05
   2.2739465e-05
   1.6987303e-05
   1.3357272e-05
   1.0873711e-05
   8.5327404e-06
   5.1702695e-06
   4.6357280e-06
   7.1703570e-06
   8.6286003e-06
   9.3643119e-06
   1.0104279e-05
   9.1445466e-06
   8.9877612e-06
   9.3811978e-06
   8.8631386e-06
   6.4063904e-06
   4.1355318e-06
   3.8635818e-06
   4.3741138e-06
   6.2076473e-06
   8.7953702e-06
   1.1686778e-05
   1.2632687e-05
   1.2825279e-05
   1.2741942e-05
   1.0975832e-05
   7.4696749e-06
   6.9630295e-06
   1.3287758e-05
   1.8814439e-05
   1.9541263e-05
   2.0599956e-05
   2.0703537e-05
   1.5015138e-05
   7.4289156e-06
   4.0294635e-06
   8.1396320e-06
   1.3305553e-05
   1.1086470e-05
   5.8364010e-06
   5.1801188e-06
   1.1609580e-05
   1.4037756e-05
   1.1379026e-05
   7.9786068e-06
   7.7495622e-02
   5.8575994e-04
   3.6032108e-04
   2.4437097e-04
   1.9726863e-04
   1.6100231e-04
   1.3332322e-04
   1.1547772e-04
   9.7990497e-05
   8.6597491e-05
   8.0377539e-05
   6.8873522e-05
   6.4546798e-05
   5.7584785e-05
   5.2371641e-05
   4.4470844e-05
   3.5964018e-05
   2.8285458e-05
   2.1416883e-05
   1.5180182e-05
   1.3202014e-05
   8.4381862e-06
   6.1204830e-06
   5.7780398e-06
   5.6798761e-06
   4.6750240e-06
   4.5269750e-06
   4.3941015e-06
   3.8571567e-06
   4.4767363e-06
   4.6302550e-06
   4.2421879e-06
   4.1780327e-06
   4.6087065e-06
   5.0907016e-06
   4.4476908e-06
   3.7469569e-06
   4.1427350e-06
   5.7130201e-06
   5.4551084e-06
   4.5626481e-06
   5.9201259e-06
   5.9172614e-06
   5.6671167e-06
   4.6353331e-06
   3.9388429e-06
   4.2953504e-06
   7.8784486e-06
   1.3393530e-05
   1.1223830e-05
   9.2373117e-06
   1.2162683e-05
   6.7729771e-06
   4.1840343e-06
   4.5556729e-06
   5.4033510e-06
   7.7966830e-02
   2.7661421e-03
   1.7766647e-03
   1.2683209e-03
   1.0468603e-03
   8.5488460e-04
   7.2677737e-04
   6.2590959e-04
   5.5269220e-04
   4.9767862e-04
   4.6218626e-04
   4.1798553e-04
   3.8054871e-04
   3.4793953e-04
   3.2571944e-04
   2.9522806e-04
   2.6925884e-04
   2.4332830e-04
   2.1876118e-04
   1.9886829e-04
   1.9443905e-04
   1.8123669e-04
   1.6929046e-04
   1.5955840e-04
   1.5008462e-04
   1.3959313e-04
   1.2898605e-04
   1.1720932e-04
   1.0704889e-04
   1.0435944e-04
   9.8123714e-05
   9.1745802e-05
   8.6761877e-05
   8.1676563e-05
   7.3636226e-05
   6.0241593e-05
   4.6653728e-05
   3.6026318e-05
   2.7606494e-05
   1.8334562e-05
   9.3700390e-06
   5.9000113e-06
   6.1816921e-06
   8.9075033e-06
   1.1888597e-05
   1.6402628e-05
   1.9761503e-05
   2.5822028e-05
   2.4208055e-05
   9.1436159e-06
   4.7623406e-06
   6.4184626e-06
   1.3883223e-05
   1.6225097e-05
   5.0421370e-06
   7.5450790e-06
   7.7487741e-02
   1.2188565e-03
   7.9771264e-04
   5.8170666e-04
   4.8120027e-04
   3.9825318e-04
   3.3763274e-04
   2.9387558e-04
   2.5919897e-04
   2.3409283e-04
   2.1795651e-04
   1.9604232e-04
   1.7778693e-04
   1.6097118e-04
   1.4959295e-04
   1.3394762e-04
   1.2446933e-04
   1.1597180e-04
   1.0704787e-04
   9.6518548e-05
   9.3798575e-05
   8.5007637e-05
   7.7567174e-05
   7.0917196e-05
   6.3658467e-05
   5.6102003e-05
   5.0207523e-05
   4.6088232e-05
   4.2888819e-05
   4.1020590e-05
   3.7775994e-05
   3.5212089e-05
   3.2492698e-05
   2.9455932e-05
   2.7388434e-05
   2.5952720e-05
   2.5609392e-05
   2.4427910e-05
   2.2997481e-05
   2.3969297e-05
   2.1681031e-05
   1.4489864e-05
   5.8253320e-06
   3.9635209e-06
   4.2691777e-06
   6.1962287e-06
   6.0519134e-06
   3.9225253e-06
   3.6905870e-06
   4.0538969e-06
   4.5978035e-06
   3.8795066e-06
   3.9296775e-06
   4.4919145e-06
   7.5734993e-06
   7.2863182e-06
   7.7110180e-02
   4.0380949e-04
   2.5275688e-04
   1.7108209e-04
   1.3750557e-04
   1.0808726e-04
   8.7986646e-05
   7.3864132e-05
   6.3988043e-05
   5.7901268e-05
   5.0141964e-05
   4.5257802e-05
   4.3029163e-05
   4.0543061e-05
   3.7250323e-05
   3.6388425e-05
   3.8060812e-05
   4.0013255e-05
   3.9045835e-05
   3.9995440e-05
   3.8611828e-05
   3.7600457e-05
   3.6404011e-05
   3.5264442e-05
   3.2721038e-05
   3.0045966e-05
   2.6825503e-05
   2.3724227e-05
   1.9643398e-05
   1.6414238e-05
   9.9751016e-06
   6.1215419e-06
   8.9340775e-06
   1.2427450e-05
   1.4407198e-05
   1.6529091e-05
   1.6815726e-05
   1.3669081e-05
   9.2380574e-06
   5.6070938e-06
   9.6084310e-06
   1.7537163e-05
   2.4789832e-05
   2.6568988e-05
   2.0029958e-05
   1.2731425e-05
   6.3059344e-06
   1.1376571e-05
   2.1367582e-05
   2.2157432e-05
   1.6468132e-05
   9.3941507e-06
   1.5584559e-05
   1.7675538e-05
   1.9411070e-05
   9.1196066e-06
   7.6784713e-02
   4.6320972e-04
   2.5569129e-04
   1.7277273e-04
   1.3770240e-04
   1.1327641e-04
   9.3398710e-05
   7.8831815e-05
   6.9135319e-05
   5.7293175e-05
   5.3937119e-05
   4.6579949e-05
   4.1224626e-05
   3.5939620e-05
   3.3622190e-05
   3.2278676e-05
   2.9414670e-05
   2.7384099e-05
   2.5062470e-05
   2.1814387e-05
   2.0823094e-05
   1.9080376e-05
   1.7010671e-05
   1.5379280e-05
   1.4321260e-05
   1.4193813e-05
   1.4035375e-05
   1.1033041e-05
   6.4836543e-06
   6.1192142e-06
   5.0635622e-06
   5.7619295e-06
   8.4464094e-06
   1.2049602e-05
   1.5905222e-05
   2.0652287e-05
   2.1468870e-05
   1.9039995e-05
   1.5444576e-05
   1.1974617e-05
   6.8954016e-06
   5.3065835e-06
   9.3585044e-06
   1.4560329e-05
   1.5486341e-05
   9.1165293e-06
   4.9628977e-06
   9.0834708e-06
   9.9425739e-06
   1.0036457e-05
   1.0085348e-05
   4.4840007e-06
   7.9518188e-06
   1.6610689e-05
   1.9832362e-05
   1.3590218e-05
   7.6495944e-02
   6.8839459e-04
   4.1804570e-04
   2.9122180e-04
   2.4506280e-04
   2.0534941e-04
   1.7647860e-04
   1.5279726e-04
   1.3461366e-04
   1.1209893e-04
   1.0173595e-04
   8.4476480e-05
   7.0343197e-05
   6.1272830e-05
   5.3928962e-05
   4.1647339e-05
   2.8256217e-05
   1.9122873e-05
   1.5413601e-05
   1.0240954e-05
   8.8313153e-06
   5.3945021e-06
   6.5938546e-06
   1.1649769e-05
   1.4488285e-05
   1.6879880e-05
   1.8712326e-05
   1.8630761e-05
   1.7640045e-05
   1.5557471e-05
   1.0364509e-05
   5.8306054e-06
   5.3245339e-06
   7.4438957e-06
   1.2027405e-05
   1.3145444e-05
   1.1117896e-05
   9.6823894e-06
   9.4289185e-06
   8.6738470e-06
   6.2465850e-06
   8.7542453e-06
   1.4055912e-05
   1.5656053e-05
   1.7181693e-05
   1.7432559e-05
   8.9635315e-06
   5.6805189e-06
   1.0158788e-05
   1.9127916e-05
   2.1709035e-05
   1.4116548e-05
   5.1603491e-06
   1.3216359e-05
   1.3300333e-05
   9.9934013e-06
   7.7421059e-02
   4.5690689e-04
   2.8553058e-04
   1.9708104e-04
   1.6457842e-04
   1.3823589e-04
   1.1893240e-04
   9.7189771e-05
   8.6910979e-05
   7.3799521e-05
   6.9620989e-05
   6.2194629e-05
   5.3689695e-05
   4.5593485e-05
   4.0235651e-05
   3.3543251e-05
   3.0165864e-05
   2.6318946e-05
   2.0043908e-05
   1.4539615e-05
   1.5264116e-05
   1.2670665e-05
   1.0131130e-05
   7.4002993e-06
   4.9929067e-06
   4.1867478e-06
   5.2603300e-06
   4.4962378e-06
   3.5639080e-06
   3.4317069e-06
   3.2016903e-06
   3.3028979e-06
   3.2318552e-06
   3.1351627e-06
   3.1922771e-06
   3.8199140e-06
   5.0017857e-06
   5.9645186e-06
   8.3770304e-06
   7.4207612e-06
   4.7063734e-06
   4.3904209e-06
   4.0866887e-06
   6.5777746e-06
   1.2025315e-05
   1.2672164e-05
   1.0779524e-05
   6.9605605e-06
   4.3439284e-06
   3.7142092e-06
   5.9194965e-06
   3.3033250e-06
   3.2033854e-06
   4.0141626e-06
   6.3019857e-06
   9.7538955e-06
   7.6713693e-02
   2.4646537e-04
   1.2602791e-04
   8.5600385e-05
   6.5629267e-05
   5.3955184e-05
   4.3601335e-05
   3.8122554e-05
   3.1356223e-05
   2.6483851e-05
   2.3728798e-05
   2.0684879e-05
   2.0173362e-05
   2.0539346e-05
   1.9315015e-05
   1.2880051e-05
   1.0177693e-05
   7.8209399e-06
   4.1027794e-06
   2.6941167e-06
   3.0592202e-06
   3.7643585e-06
   4.4123969e-06
   4.0182378e-06
   3.5147001e-06
   3.7199387e-06
   3.8182570e-06
   6.3681921e-06
   8.8514513e-06
   8.4045042e-06
   7.5789699e-06
   7.1524634e-06
   8.2430570e-06
   1.1257816e-05
   1.2873876e-05
   1.1027438e-05
   1.0468888e-05
   1.0935544e-05
   7.5367875e-06
   5.7099958e-06
   5.5376666e-06
   4.6226086e-06
   4.3343610e-06
   3.6589289e-06
   4.2918656e-06
   3.6207048e-06
   3.8431300e-06
   5.0975472e-06
   7.4020181e-06
   5.2757292e-06
   4.2618813e-06
   6.1820142e-06
   6.9039309e-06
   9.4530027e-06
   9.9443128e-06
   4.8022839e-06
   7.7910161e-02
   3.9613443e-04
   2.1561839e-04
   1.4858999e-04
   1.2199405e-04
   9.7341146e-05
   8.3420521e-05
   6.5226196e-05
   5.4359644e-05
   5.4142256e-05
   4.9435514e-05
   4.0251184e-05
   3.1035915e-05
   2.2711865e-05
   2.1383151e-05
   2.0557652e-05
   1.8020062e-05
   1.3224109e-05
   8.1500282e-06
   4.8200694e-06
   4.9544321e-06
   4.8166403e-06
   4.6411087e-06
   5.1098385e-06
   5.6045382e-06
   5.3044198e-06
   4.3690317e-06
   4.5768025e-06
   5.6239178e-06
   5.6350711e-06
   6.2461423e-06
   5.4466245e-06
   4.5024865e-06
   4.3395744e-06
   4.3942745e-06
   4.4465213e-06
   5.6163711e-06
   5.1523783e-06
   4.9522718e-06
   5.7985195e-06
   4.3642587e-06
   4.7393383e-06
   6.0605451e-06
   4.8391949e-06
   5.8975029e-06
   5.8439000e-06
   5.0383436e-06
   4.7401728e-06
   7.3264052e-06
   1.0760788e-05
   5.1403876e-06
   6.5099536e-06
   5.1505757e-06
   4.1305385e-06
   4.4689380e-06
   4.9495857e-06
   7.7495492e-02
   6.3350700e-04
   3.7851799e-04
   2.6577035e-04
   2.1864664e-04
   1.7736441e-04
   1.4878457e-04
   1.2939291e-04
   1.1564185e-04
   1.0014341e-04
   8.8659938e-05
   7.7111828e-05
   6.9478214e-05
   6.0111139e-05
   5.1346408e-05
   4.2277052e-05
   3.2170123e-05
   2.3437893e-05
   1.7571178e-05
   1.6089001e-05
   1.5240543e-05
   1.4212798e-05
   1.1681314e-05
   7.0852752e-06
   4.6276531e-06
   5.0185019e-06
   6.1951609e-06
   7.1345219e-06
   6.9021298e-06
   6.2514760e-06
   5.3889693e-06
   4.4110224e-06
   4.1890253e-06
   3.9876036e-06
   4.1776619e-06
   4.7297991e-06
   4.8612672e-06
   4.2087431e-06
   3.8926351e-06
   3.5110860e-06
   4.2492141e-06
   6.8203894e-06
   6.9329137e-06
   4.1924883e-06
   3.3272557e-06
   4.9246062e-06
   7.5113693e-06
   3.5978092e-06
   2.9886570e-06
   6.0032027e-06
   4.8685728e-06
   3.9904743e-06
   2.6072479e-06
   2.9443985e-06
   4.0887618e-06
   3.4123858e-06
   7.8486774e-02
   6.1440376e-04
   3.6611664e-04
   2.5477403e-04
   2.0851390e-04
   1.6976678e-04
   1.4058897e-04
   1.2230666e-04
   1.0315007e-04
   9.2523674e-05
   8.2001380e-05
   7.3076228e-05
   6.5064740e-05
   5.8359309e-05
   5.2546750e-05
   4.6694531e-05
   4.2104655e-05
   3.7324501e-05
   3.4221531e-05
   3.0193863e-05
   2.8556071e-05
   2.4577513e-05
   2.1952850e-05
   2.2002575e-05
   2.3257719e-05
   2.4405930e-05
   2.1688678e-05
   1.6444245e-05
   1.3250263e-05
   1.1486532e-05
   8.1137299e-06
   5.1072260e-06
   4.3551331e-06
   5.6324545e-06
   7.3422418e-06
   8.8037222e-06
   1.0186687e-05
   1.0389287e-05
   8.8929808e-06
   6.4778813e-06
   5.2837313e-06
   6.8038630e-06
   7.2502896e-06
   9.1060912e-06
   1.2171253e-05
   1.0611113e-05
   5.0651174e-06
   8.2666542e-06
   1.0424312e-05
   1.3372621e-05
   1.4792502e-05
   7.3198666e-06
   4.8337429e-06
   8.6157151e-06
   1.1918269e-05
   8.0415109e-06
   7.8413307e-02
   7.2776921e-04
   4.3399777e-04
   3.0243864e-04
   2.4917705e-04
   2.0265908e-04
   1.6928419e-04
   1.4838981e-04
   1.2853829e-04
   1.1150862e-04
   1.0218377e-04
   8.9418175e-05
   7.8117660e-05
   6.8678758e-05
   6.1365434e-05
   5.1287596e-05
   4.2097550e-05
   3.4541046e-05
   2.7794262e-05
   2.2499372e-05
   2.2202161e-05
   2.0169700e-05
   1.7331406e-05
   1.5428345e-05
   1.4053063e-05
   1.0413187e-05
   7.4821177e-06
   5.8068597e-06
   4.1619911e-06
   4.6293786e-06
   4.4895517e-06
   4.7321516e-06
   4.3823690e-06
   4.4466323e-06
   4.5305190e-06
   4.3411761e-06
   4.0911305e-06
   4.6322268e-06
   4.9930091e-06
   5.2539153e-06
   6.6570499e-06
   6.6592018e-06
   5.3839995e-06
   4.9633167e-06
   5.1559662e-06
   4.5031858e-06
   6.4134866e-06
   5.2675464e-06
   5.6818205e-06
   6.9504879e-06
   4.4889848e-06
   5.5109706e-06
   3.9242740e-06
   4.4025315e-06
   3.8694191e-06
   4.9629427e-06
   7.8061199e-02
   7.1837211e-04
   4.4192347e-04
   3.0431062e-04
   2.5465658e-04
   2.1073415e-04
   1.8021622e-04
   1.5409004e-04
   1.3280254e-04
   1.1750785e-04
   1.0628601e-04
   8.9973984e-05
   7.5998067e-05
   6.6163609e-05
   6.1218082e-05
   5.6160873e-05
   5.0635728e-05
   4.1881003e-05
   3.1252648e-05
   2.3724746e-05
   2.2803211e-05
   1.7784902e-05
   1.4545318e-05
   1.2404307e-05
   9.7464993e-06
   7.4981145e-06
   5.0035012e-06
   3.8406457e-06
   4.5537744e-06
   5.0152515e-06
   5.0115014e-06
   4.4336131e-06
   3.8087715e-06
   3.3824731e-06
   3.5583487e-06
   3.4926772e-06
   4.3321053e-06
   5.7964573e-06
   7.0623540e-06
   6.0482425e-06
   4.6867425e-06
   5.0647503e-06
   4.3656516e-06
   5.4814750e-06
   5.2517907e-06
   4.0386204e-06
   4.7919681e-06
   6.9839035e-06
   3.5152924e-06
   3.0030484e-06
   3.3430513e-06
   3.7150172e-06
   3.4353563e-06
   3.7555282e-06
   4.2088173e-06
   6.0708178e-06
